# night ext_offset mean_airmass num_stds diff_airmass std_weight
04_242 -0.0346872365103188 1.695289969444275 1 0.0 0.0
04_245 0.02045333372472591 1.0518699884414673 1 0.0 0.0
04_247 -0.020805930576122122 2.696310043334961 1 0.0 0.0
04_250 0.03269678103290907 1.2662299871444702 1 0.0 0.0
04_257 -0.028589267013233055 1.1246060371398925 5 0.19279003 0.30381596
04_260 -0.023489889330448932 1.0307166576385498 3 0.016959906 0.021726608
04_267 0.02449394178599995 1.5407700538635254 2 1.03428 1.03428
04_270 0.04484007772486365 1.737820029258728 1 0.0 0.0
04_277 -0.0010040524555527952 1.4795399904251099 1 0.0 0.0
04_279 -0.03720903845783674 1.1104759216308593 5 0.27690005 0.522136
04_290 0.0003169289600108982 1.1396699746449788 3 0.34624004 0.43104005
04_292 -0.003878607726182537 1.1586824655532837 4 0.40532005 0.52551496
04_297 -0.006235842896753496 1.0782400369644165 1 0.0 0.0
04_310 0.009516605721184845 1.1088874340057373 8 0.25414002 0.61731994
04_312 -0.01813233787558488 1.3210599899291993 5 0.74011004 1.20418
04_313 -0.10899099941631363 1.1465200185775757 2 0.022459984 0.022459984
04_315 0.10899099941631363 1.4805350303649902 2 0.35099006 0.35099006
04_317 0.014807406005346024 1.265950043996175 3 0.56373 0.68026006
04_319 0.05634477999832477 1.1874799728393555 2 0.16561997 0.16561997
04_325 -0.006935114573936474 1.3872365951538086 3 0.39304996 0.4163134
04_327 0.016134315985777192 1.4913066228230794 3 0.7757801 0.89208674
04_332 0.002707006772574516 1.2506862878799438 8 0.79085004 1.6588227
04_335 -0.007639309437516673 1.2669566472371419 6 0.72746 1.0551269
04_338 -0.025171300992436585 1.2040050029754639 2 0.17721009 0.17721009
04_345 -0.036804083256566145 1.1504166920979817 3 0.19048 0.1996932
04_347 0.5464846059848956 1.167080044746399 1 0.0 0.0
04_360 -0.0032692331837722577 1.2346349954605103 4 0.37840998 0.55069995
04_365 -0.5648945515848407 1.1206650733947754 2 0.13716996 0.13716996
05_006 0.9213783681085115 1.1871000130971272 3 0.22223997 0.25008
05_016 0.060847750395844 1.2452950477600098 2 0.37721002 0.37721002
05_039 -0.060847750395844 1.1963899930318196 3 0.2102499 0.21477997
05_041 -0.03867155384527621 1.2822883129119873 6 0.70440006 1.3295667
05_049 0.14607630799744342 1.1130166053771973 3 0.09186995 0.10465336
05_099 0.0003898923943150834 1.1374399662017822 1 0.0 0.0
05_104 -0.02743000843151755 1.2176666259765625 3 0.30026996 0.39344656
05_116 0.04997890601991806 1.3068866729736328 6 0.23327994 0.40215325
05_119 0.05292805165087344 1.0810225009918213 4 0.06349993 0.091594934
05_124 0.003421585955573292 1.1412350336710613 6 0.42706 0.69595003
05_125 0.0017855821572663189 1.234475016593933 4 0.3936 0.5531
05_126 0.027718570283573385 1.1555366516113281 3 0.25950992 0.3298266
05_129 0.0030508551562231645 1.384950041770935 1 0.0 0.0
05_132 -0.0175104356520297 1.1335240364074708 5 0.019119978 0.03168404
05_134 0.03069691571167077 1.0891799926757812 5 0.13453996 0.21289992
05_136 0.000910287832649459 1.0947833061218262 6 0.11504996 0.23340654
05_139 -0.000910287832649459 1.2463200092315674 8 0.82567 1.6557001
05_141 -0.014083845146666718 1.2351985658918108 7 0.46175003 0.9734459
05_144 -0.008254711295821338 1.2153362035751343 8 0.6243999 1.2398347
05_146 -0.016194734222201745 1.3010025024414062 4 0.36751997 0.65623
05_149 -0.0008936127937584359 1.4174774885177612 4 1.30183 1.8927251
05_151 -0.026298184502579147 1.1005821228027344 9 0.11923003 0.28640223
05_154 -0.005638216610899249 1.0993199348449707 2 0.055980086 0.055980086
05_156 0.028371366361843897 1.1247200965881348 4 0.10263002 0.16656005
05_161 0.07394608857082652 1.1704639434814452 5 0.16612995 0.28735614
05_166 0.03526777067586728 1.1824666659037273 3 0.26191998 0.31476665
05_169 -0.01806329240652005 1.1922479629516602 5 0.38126993 0.7287319
05_172 -0.015365225002021532 1.377436637878418 3 0.7235 0.8821466
05_179 -0.003150451972031121 1.3110449314117432 2 0.13655007 0.13655007
05_181 0.028447638635446637 1.1131199598312378 2 0.035840034 0.035840034
05_184 0.001926903860054452 1.205549955368042 4 0.37214005 0.48011994
05_185 -0.031038761445563168 1.0893199443817139 1 0.0 0.0
05_186 0.007701517743095465 1.4079300165176392 2 0.56685996 0.56685996
05_189 0.004089800811483357 1.2582866350809734 6 0.52250004 0.9824531
05_191 -0.025502966335633204 1.2266433238983154 3 0.17723 0.19720674
05_196 0.02745064965635713 1.3846800327301025 1 0.0 0.0
05_201 -0.009122564172704628 1.4407200813293457 3 0.71998 0.8979001
05_209 0.09361442956419985 1.190654993057251 2 0.24102998 0.24102998
05_214 0.016395670112991922 1.1503100395202637 1 0.0 0.0
05_216 0.014827876986300836 1.255662441253662 4 0.45448995 0.5255699
05_224 -0.017735659417292382 1.1185385159083776 7 0.33151996 0.7590655
05_226 -0.007902091692752578 1.226205689566476 7 0.72581005 1.5668458
05_228 -0.012933559533442107 1.1212499141693115 2 0.11580002 0.11580002
05_229 0.09350851408376037 1.1652066972520616 9 0.43298006 0.83644676
05_231 0.008638998752594773 1.2369766235351562 6 0.46574998 1.1151199
05_234 -0.008680498740826437 1.0609399795532226 5 0.12759995 0.21376002
05_235 -0.010475881671325737 1.1111585072108678 7 0.27856994 0.5138254
05_236 -0.00628001211771867 1.4207675457000732 4 0.56262994 0.84510994
05_239 -0.026837834695999874 1.0290499925613403 1 0.0 0.0
05_241 0.0002863019138974465 1.0821599960327148 2 0.13140011 0.13140011
05_246 -0.2786870108790289 1.2421200275421143 1 0.0 0.0
05_249 -0.0021088072177217754 1.0284199714660645 1 0.0 0.0
05_251 0.018776139648943868 1.1161400079727173 1 0.0 0.0
05_254 0.0036450106076468813 1.2603700160980225 2 0.47814 0.47814
05_256 0.004452454937268868 1.0261600017547607 1 0.0 0.0
05_261 0.003468674658854809 1.302202582359314 4 0.69333994 0.81937504
05_264 -0.01492757627494079 1.3158166408538818 3 0.68947005 0.8745067
05_265 0.002988135426718941 1.1198999087015789 6 0.32599998 0.6778797
05_269 -0.004095573707500577 1.0714766184488933 3 0.14531004 0.19256663
05_279 0.01457196530536109 1.275439977645874 2 0.4368 0.4368
05_281 0.0044178932952263494 1.2724366188049316 3 0.5038899 0.51124656
05_284 -0.016529385250880324 1.479176680246989 3 0.66417 0.68275344
05_286 0.0022941166116758893 1.446933428446452 3 0.82449996 0.8608066
05_291 0.023948762242076427 1.7756850719451904 2 0.34053004 0.34053004
05_294 0.02713419108818016 1.3546767234802246 3 0.55094004 0.63597333
05_296 -0.0052948287556766616 1.1191600561141968 1 0.0 0.0
05_297 -0.03212182569997246 1.3107199668884277 3 0.6215 0.6650599
05_299 0.03962362267114017 1.4971466064453125 3 0.47176993 0.47208655
05_301 0.018257335289471044 1.306915855407715 5 0.54065 1.0028641
05_304 0.035287594558191415 1.2538234392801921 3 0.50051 0.61721337
05_306 -0.0003999578539524151 1.2407033443450928 3 0.5393101 0.7070334
05_309 -0.013683299596483067 1.2205066680908203 3 0.57490003 0.74840665
05_311 -0.027095581727701656 1.2876599629720051 3 0.7753 1.01386
05_314 -0.023786248188116588 1.349303404490153 3 0.77289 0.8925333
05_316 -0.01882189092554576 1.4120999972025554 3 0.70516 0.7785001
05_319 0.03871722829488 1.7149899005889893 2 0.31120002 0.31120002
05_322 -0.0070776999202220026 1.4806232452392578 3 0.91252995 0.98073316
05_324 0.022622777391461568 1.4325950145721436 2 0.45989 0.45989
05_326 0.013177984130589238 1.5899300575256348 1 0.0 0.0
05_329 0.006820110532995471 1.052435040473938 2 0.08162999 0.08162999
05_331 0.016991162102291568 1.0406750440597534 2 0.036710024 0.036710024
05_334 -0.007927520484757977 1.4732200304667156 3 1.0042901 1.0930401
05_336 -0.00840863724064711 1.5077699025472004 3 0.92061996 1.0166999
06_014 -0.017885145980942596 1.379525593348912 7 1.0696901 2.341446
06_016 -0.007556646689730329 1.4944899082183838 2 0.11176002 0.11176002
06_020 -0.036683593367556 1.1341933409372966 3 0.27373004 0.35521328
06_021 0.044240240057288105 1.1184899806976318 1 0.0 0.0
06_034 0.008532842849877653 1.0018399953842163 1 0.0 0.0
06_039 0.009762033271659476 1.0535933176676433 3 0.09876001 0.10429323
06_041 -0.034501467364146166 1.0150749683380127 2 0.020449996 0.020449996
06_046 0.021319442397231825 1.633739948272705 1 0.0 0.0
06_056 0.026632505959909736 1.4030133883158367 3 0.63105 0.8039466
06_066 -0.011471533630624364 1.1040449142456055 2 0.17754996 0.17754996
06_071 -0.03353839022874894 1.1233400106430054 2 0.24404001 0.24404001
06_096 0.01758645951843718 1.2528049945831299 8 0.76346993 2.04814
06_099 0.004416858620748698 1.2796050310134888 4 0.72094 0.93855
06_101 -0.01186183423339493 1.4166899919509888 2 0.49546003 0.49546003
06_114 0.003939285087925626 1.1335999965667725 1 0.0 0.0
06_117 0.0038734564947482397 1.139050006866455 2 0.120599985 0.120599985
06_129 -0.021316316769446786 1.2813133398691814 3 0.59475994 0.7488133
06_130 -0.03794672928936116 1.3363100290298462 1 0.0 0.0
06_131 -0.02304480967842437 1.6226000785827637 4 0.84775996 1.3881199
06_134 0.12441519632165665 1.4652550220489502 2 0.10670996 0.10670996
06_139 -0.004291764613679305 1.319533920288086 5 0.69038 1.4088639
06_141 -0.0066727906512280555 1.4012775421142578 4 0.8881099 1.2868899
06_144 0.021627964837323432 1.1912011040581598 9 0.68263006 1.0731555
06_146 0.00041830811893106556 1.2495841979980469 7 0.60998 1.3448826
06_151 -0.005238387028352776 1.1656501293182373 8 0.5038799 0.7469207
06_154 0.014743248390187702 1.2456689410739474 9 0.3511399 0.97056866
06_156 0.011342949466211394 1.2087756565638952 7 0.61361 0.9025681
06_157 -0.006363380431782417 1.1734489440917968 10 0.39931 0.9372299
06_158 -0.0001884699798218037 1.2960472106933594 18 0.91128993 3.9791245
06_159 -0.00034488060522619435 1.2682628631591797 7 0.6322899 1.1171227
06_160 -0.016872046216635184 1.3598546248215895 13 0.8372899 2.6650846
06_161 0.0007218205648680254 1.2928588390350342 8 0.86161995 1.4073076
06_162 0.0277827542095892 1.1593548910958427 14 0.33958006 1.0990199
06_163 0.0026185560426768006 1.3053578915803328 23 0.8849801 5.377955
06_164 0.014082909508790209 1.2669613701956612 7 0.69360995 1.0924339
06_169 0.012791264744548059 1.2501237175681374 11 0.64637995 1.8868637
06_171 -0.023187997915188774 1.2911900111607142 7 0.69455993 1.06646
06_176 0.030855819262821882 1.2757958003452845 7 0.34446 0.9356942
06_178 -0.024769557879205095 1.2092799186706542 5 0.40462005 0.61648
06_181 0.007284166754780941 1.274167537689209 8 0.49450994 1.4863399
06_184 -0.0018350988325419593 1.1273487938774958 9 0.32075 0.5608463
06_186 0.013113689874449719 1.2140175501505535 12 0.58202994 2.113955
06_189 -0.013825504670903044 1.3266079902648926 10 0.73291004 1.80554
06_191 -0.017392278619215773 1.1923930168151855 10 0.48601007 1.1133162
06_192 -0.010906591494650897 1.4152515729268391 6 1.0078901 2.15999
06_194 -0.006604052528116355 1.2584375143051147 8 0.77088 1.22195
06_196 0.002961969150726773 1.2620575428009033 8 0.9138199 1.47221
06_199 -0.015068172486017772 1.2412687540054321 8 0.41198003 0.89983
06_201 -0.025894313406075398 1.2259045514193447 11 0.40196002 1.1153455
06_206 -0.011714391975724325 1.2990788221359253 8 0.75040007 1.6789854
06_209 0.09067476861819834 1.1455220222473144 5 0.20501995 0.2986319
06_211 -0.01007016418813933 1.4803800582885742 3 0.77883005 0.86934006
06_254 -0.0008279756678266637 1.239943448235007 17 0.44348 1.9121428
06_255 0.012732703334904727 1.2648932933807373 3 0.59797 0.70375335
06_259 -0.004096397395422002 1.3181934356689453 6 0.85406005 1.3508269
06_261 -0.0014304996160294792 1.241807120186942 7 0.77269995 1.1448371
06_264 0.011491877298865916 1.3102920532226563 5 0.92864 1.331392
06_266 -0.011491877298865916 1.1898599352155412 7 0.38502002 0.9547601
06_274 0.03905105910499529 1.2346999645233154 4 0.58192 0.77515996
06_276 -0.004724702820039894 1.4823071616036552 7 0.91362 2.1851625
06_281 0.0013362315588842932 1.3033500512440999 6 0.85428 1.6890402
06_284 0.0034576347951364994 1.2976974248886108 4 0.34475005 0.44111001
06_286 -0.01504898317930703 1.1941614151000977 7 0.5441301 0.8662914
06_296 -0.007014741613533104 1.3620380401611327 5 0.88631 1.5471879
06_300 0.030543766477057588 1.3679499626159668 1 0.0 0.0
06_301 -0.024454604656479972 1.4663550853729248 4 0.60572004 0.7850001
06_304 0.026441869350552594 1.177977442741394 4 0.24048996 0.31866992
06_310 0.020795009536021425 1.4524850845336914 4 0.45266998 0.52595997
06_313 0.005440185747433546 1.35341796875 5 0.76451004 1.5899479
06_314 0.013664115904987284 1.1732736825942993 8 0.25434995 0.5218426
06_316 0.016854426157525637 1.263662052154541 5 0.45648003 0.8921521
06_319 -0.0467965909317023 1.1148250102996826 2 0.13022995 0.13022995
06_321 0.0038629672458121433 1.3524854448106554 9 1.0348499 2.3403258
06_324 0.021386280599761776 1.2410400178697374 9 0.8141099 2.2871199
06_326 0.022874687429370155 1.490802526473999 8 0.84650004 2.012015
06_328 -0.009506865286695643 1.3854559262593586 12 0.6579 1.832682
06_331 -0.022687159159238135 1.2515815893809001 12 0.73004997 1.91862
06_334 -0.03256877065577335 1.2825050354003906 8 0.45889997 1.26638
06_339 0.008789059221326667 1.236555814743042 12 0.8105799 2.010713
06_342 -0.003986244284785556 1.329319953918457 12 0.48194003 1.5433602
06_344 -0.0008165706517573312 1.4031333923339844 9 0.71127 1.9665201
06_346 0.000890465397535678 1.4413102467854817 30 0.81577003 7.48851
06_349 -0.04672496999151576 1.2298853947566106 13 0.74847007 2.4238167
06_351 -0.024768318627270247 1.3114650249481201 4 0.66547 0.8927101
07_095 0.049878683294485526 1.0553566614786785 3 0.12629998 0.14776659
07_098 0.04607755787111856 1.263053337732951 3 0.55736995 0.6499733
07_100 0.01937319854421382 1.306896686553955 6 0.88427997 1.3919333
07_103 0.0750590631644723 1.2091061518742487 13 0.55529 1.6733185
07_105 -0.025808362440859156 1.3126798776479869 13 0.93508005 2.576959
07_108 0.00949273470871681 1.1980757032121931 7 0.42925 0.7749257
07_110 -0.009619943591731683 1.202850948680531 11 0.44868004 1.2893311
07_113 -0.01147918366834233 1.192167091369629 10 0.39231002 1.13643
07_115 -0.022032466947147 1.2467399173312717 9 0.38961995 1.0256999
07_118 0.007600245453124543 1.2885689205593533 9 0.7499299 1.9917867
07_120 -0.0038445899850465537 1.1244888305664062 9 0.25603998 0.59812653
07_123 0.007464680539994717 1.2664090936834163 11 0.66907 1.7415673
07_125 -0.01616443632188691 1.2660390853881835 10 0.75456 1.8826866
07_128 -0.008241220129210802 1.3485162258148193 16 0.8066 2.8471804
07_130 -0.01669787290391156 1.1002400716145833 6 0.24404001 0.42828023
07_133 -0.0025071105438829733 1.170874383714464 9 0.3162501 0.7927245
07_135 0.0056524216248092785 1.3188316822052002 6 0.83751 1.39353
07_138 0.0038445899850465537 1.2820669174194337 10 0.72233 2.1046836
07_140 -0.005715026810904078 1.2944959640502929 5 0.85235 1.2594478
07_143 0.014110949164075848 1.2493325471878052 8 0.54775 1.0561601
07_145 -0.028335746016900032 1.1984011332194011 9 0.46772993 1.1038533
07_148 -0.02788146945681902 1.2250150044759114 12 0.54109 1.6697904
07_150 0.013008812260455471 1.131314992904663 8 0.33597004 0.5753801
07_152 0.009950734600495892 1.1783527646745955 7 0.44831002 0.68270266
07_153 -0.009437011944543272 1.1953811645507812 8 0.43042994 1.0841324
07_155 -0.0069763048376341175 1.2615050077438354 8 0.61736 1.6448699
07_161 0.06760632492257557 1.2902285712105888 7 0.72634995 1.3642057
07_163 0.023954656042946 1.1961000442504883 10 0.7250501 1.4169401
07_165 0.0008026793818078914 1.1706762313842773 8 0.35401 1.0065501
07_168 0.0452754652340559 1.3468799591064453 9 0.94778 2.20126
07_170 0.029453699008486822 1.1873276233673096 8 0.6142 1.1532601
07_173 -0.028006262793025982 1.3495157559712727 12 0.79344 2.2878585
07_175 -0.0183360933259884 1.2549433708190918 12 0.63162005 1.96788
07_178 -0.007120035834363492 1.3358066876729329 12 0.76901996 2.8025398
07_183 0.0063173564525556 1.341672420501709 8 0.82547 2.0252
07_185 -0.07326033706919155 1.3100098371505737 8 0.6094699 1.5337195
07_188 0.016807866637954305 1.3099870681762695 10 0.7249299 2.2676642
07_190 0.0032656651350180255 1.2985189225938585 9 0.71794 1.4187667
07_193 0.051825096679625204 1.0881571769714355 7 0.27004004 0.377846
07_195 0.027424092731090255 1.3432129859924316 10 0.99380004 2.7758021
07_198 0.013479098212865637 1.1940945519341364 9 0.31093 0.83858454
07_200 0.023630120044769498 1.2101974487304688 4 0.45131993 0.65764475
07_203 0.00892548100376267 1.2748348712921143 8 0.8856399 1.8921994
07_205 -0.004270445460953454 1.257890020098005 7 0.32696998 0.90942
07_210 -0.038928598117669466 1.533555030822754 8 0.72667 1.74263
07_211 -0.025752065831943227 1.2375917434692383 6 0.67025995 1.2335534
07_213 -0.01322992252215549 1.3860254287719727 9 0.83783996 2.4653754
07_215 0.006545804261810062 1.5236200094223022 4 0.58121 0.7835599
07_218 0.008133850348524874 1.2901744842529297 9 0.61492 1.3670955
07_220 -0.00883741533824356 1.3472298622131347 10 0.8827001 2.19978
07_223 -0.018453203097331894 1.3859169960021973 10 1.0220001 2.455924
07_225 0.002732765046353336 1.3746582667032878 6 0.84338 1.5238665
07_230 0.020651241163411882 1.1449400186538696 2 0.28733993 0.28733993
07_233 -0.018759126383134372 1.3435649871826172 12 0.96049 2.65479
07_235 0.0022980124263671797 1.33828337987264 6 0.9822 1.6116668
07_238 0.00824239131240212 1.3272790041836826 11 0.79257 2.2547889
07_240 -0.019474315105183493 1.2570350170135498 8 0.64883006 1.4697701
07_243 -0.00044116078798595026 1.2713328770228796 7 0.7449701 1.4832685
07_245 -0.005245515729704664 1.2446944978502061 9 0.58518004 1.4710824
07_248 -0.012663771484644926 1.3154044681125217 9 0.94538 2.5058336
07_250 0.029368752300877432 1.2950739860534668 5 0.77155995 1.160712
07_253 0.006532649414006997 1.130486011505127 10 0.40323007 0.692552
07_255 0.0032734747763250027 1.237701177597046 8 0.77224004 1.5174748
07_258 -0.007635324605429261 1.2779200077056885 8 0.92363 2.0486803
07_260 -0.0034787057375655905 1.1400911808013916 8 0.33659005 0.60513484
07_263 0.00020523096124058782 1.1706722047593858 9 0.76254 1.4429508
07_265 0.010984378665849448 1.208688599722726 7 0.66324997 1.2153859
07_268 -0.009343592079662955 1.1874300003051759 5 0.60831 0.8644601
07_273 -0.00017855479601180946 1.3290160179138184 5 0.83975005 1.389076
07_275 0.010562428789022249 1.3122033013237848 9 0.68582 1.6451733
07_278 0.027765613455013494 1.2730449835459392 6 0.56977 0.85407007
07_280 0.007195162460842397 1.225255012512207 8 0.45314002 1.12675
07_283 0.019103602081170123 1.3164800916399275 7 0.77228 1.24864
07_285 0.005322725307694398 1.2855589866638184 10 0.65979004 1.865508
07_288 0.01919623837608775 1.19183406829834 10 0.23519003 0.5237801
07_290 -0.009075360233339325 1.2656474113464355 8 0.58416 1.4362749
07_293 -0.009493766700128248 1.3102340698242188 10 0.86346996 2.3559961
07_295 -0.008077346443448263 1.277033805847168 8 0.58308995 1.4261775
07_298 -0.027922449834980156 1.2334063680548417 19 0.70558 2.750979
07_300 -0.020825819468361928 1.2912336696277966 11 0.73994994 2.1616635
07_303 -0.019221030522135862 1.2473149299621582 8 0.56869006 1.44114
07_305 -0.02922761173598687 1.0963633855183919 3 0.12091005 0.15658665
07_307 0.05137430626954931 1.1565824747085571 4 0.16541004 0.20439494
07_312 0.04934511545199527 1.2808600425720216 5 0.66048 1.0300802
07_315 0.0002301311988688326 1.2431272159923206 11 0.69983006 1.3087419
07_318 0.008178237212058903 1.202143669128418 8 0.37043 0.6653975
07_320 0.01789171535298628 1.217909119345925 11 0.58570004 1.3260673
07_323 0.025275349619301224 1.353618049621582 5 0.70785 0.91595197
07_325 -0.023492365128106485 1.1641611523098416 9 0.36816 0.8987112
07_328 0.010380765087111499 1.1047099828720093 1 0.0 0.0
07_330 0.005583871706901888 1.1712599992752075 1 0.0 0.0
07_348 -0.04196551054073083 1.1214699745178223 2 0.22617996 0.22617996
07_352 0.025149876702579732 1.3376963355324485 11 0.88992 1.9711615
07_355 -0.0020621314101312294 1.142392839704241 7 0.25328004 0.46691716
08_092 -0.002652534407868501 1.5887250900268555 8 0.74473 1.7737498
08_094 0.02372398219064209 1.275522232055664 9 0.52695 1.4996423
08_097 0.006467533971768802 1.3407263322310015 11 0.93237007 2.4693494
08_099 -0.013377680158571437 1.4632755626331677 11 1.08238 3.3574057
08_104 0.005219285631689274 1.4853533109029133 6 0.86827993 1.9269667
08_107 0.007115453459954679 1.3355566660563152 9 0.8381901 2.045107
08_124 -0.020856267655663174 1.324113028390067 7 0.97626996 1.979749
08_127 0.002132688049563569 1.2786829948425293 10 0.9768201 2.387702
08_129 0.017869032522357386 1.1364533106486003 3 0.116349936 0.15068662
08_132 -0.03353166932879681 1.2312788433498807 9 0.94179 1.6885446
08_134 -0.01585333365068209 1.2344453985040837 11 0.86585 2.459587
08_137 0.016124450025293058 1.2016637108542703 11 0.7663801 1.8669587
08_139 0.02120540941537996 1.2476300398508708 12 0.67476 1.8736999
08_142 0.03187209835167515 1.2974684238433838 12 0.803 2.8142338
08_144 0.014684182225568776 1.2641927545720881 11 0.7305901 2.205864
08_147 -0.012604760526460979 1.2175247192382812 15 0.70981 2.7680836
08_149 -0.014808715518173088 1.1859784126281738 12 0.57799995 1.3395103
08_152 -0.017186347468706842 1.2276023228963215 9 0.70937 1.406532
08_154 -0.02331690636539996 1.288624922434489 12 0.79715 2.5195994
08_157 -0.013889335849770035 1.2640028953552247 10 1.01843 2.2959957
08_159 -0.013742811173157676 1.2923032972547743 9 1.04518 2.04598
08_162 0.002704254810272033 1.276030887256969 11 0.97225 2.2865925
08_164 -0.018362467566536367 1.206322125026158 14 0.72103 2.253122
08_167 0.014818732558579129 1.158594391562722 11 0.27538002 0.98934567
08_169 -0.013705761164693797 1.2142908573150635 12 0.43635 1.12639
08_172 0.004803814855861788 1.3042958577473958 12 0.82709 1.80237
08_174 0.014290036493509461 1.2174079895019532 10 0.41918993 1.2965399
08_177 0.002681032142154649 1.2224845886230469 11 0.44586992 1.5551252
08_179 0.07568832969582218 1.1505424976348877 8 0.49711 0.9235499
08_182 0.021081710363493045 1.293524318271213 9 0.5631399 1.6460758
08_185 -0.017487202975353 1.2756282633001155 11 0.69334006 2.6440744
08_186 -0.045836066530045017 1.3710639953613282 10 0.6819099 1.973212
08_187 0.039003792866671105 1.3254579544067382 10 0.64961004 2.12788
08_188 0.020155533456595265 1.3908856709798176 9 0.71181 1.8997358
08_189 0.0021040401017060617 1.3507315317789714 12 0.70436 2.3698
08_191 -0.004606190551253775 1.3828174273173015 12 0.80839 2.64707
08_194 0.012840825905270137 1.1511154174804688 11 0.24303997 0.87174535
08_197 -0.029103689328882965 1.2164984544118245 12 1.07803 2.148334
08_200 0.04389976644684879 1.166725476582845 9 0.27949 0.7846755
08_201 0.015450715278291227 1.2168420791625976 10 0.40021002 1.2268599
08_203 0.016815011439687666 1.2601277033487956 9 0.50600004 1.3258977
08_204 -0.011127598489714785 1.2190700107150607 9 0.41174996 1.02822
08_207 0.019562638418650025 1.2491686684744698 7 0.5658001 1.1350486
08_209 -0.007899691898469285 1.261535930633545 10 0.53439 1.5068636
08_212 -0.021511323496108403 1.4247582753499348 12 0.71524 2.4168768
08_214 -0.002624583575441264 1.3484159469604493 10 0.66296995 2.367312
08_217 -0.020010175665033714 1.3121833801269531 9 0.59519005 1.5585135
08_219 -0.0371530694760942 1.3322080612182616 10 0.72940004 1.7693961
08_222 -0.015351365682301221 1.3548028128487724 7 0.76204 1.3860773
08_224 -0.00487662602608907 1.4823282415216619 11 0.86194 2.3121219
08_227 0.011733686354812534 1.4102649688720703 2 0.80508995 0.80508995
08_229 0.00678859630912676 1.490893624045632 11 0.8154 2.5840108
08_231 0.014043899948287475 1.3821854157881304 11 0.83536994 2.2486145
08_234 0.01060198958251135 1.3552228927612304 10 0.9978899 2.7518814
08_237 -0.011673030070879165 1.3184220314025878 10 0.99797 2.781208
08_239 0.005015832263874032 1.1724099318186443 6 0.54490006 1.1320398
08_242 -0.01673465263553453 1.2840074300765991 8 0.9506401 2.03191
08_244 -0.005957203289643331 1.2696287631988525 8 0.9383 1.9342653
08_247 -0.0009214704099527182 1.3482290267944337 10 0.8913599 2.838488
08_249 0.005773486248022763 1.4283444086710613 9 0.93821 3.187364
08_252 0.023917973186923902 1.2691162824630737 8 0.91224 1.6978352
08_254 -0.004272730250489687 1.2359670911516463 7 0.93034995 1.4298853
08_257 0.018076959562355555 1.3607300519943237 4 0.90941 1.1459001
08_259 -8.791516778039465e-05 1.0860928807939803 7 0.19075 0.4288627
08_261 -0.010901140495963801 1.1769914627075195 7 0.49769998 0.79047155
08_264 -0.024148239417639772 1.1037137508392334 8 0.25898004 0.50373006
08_267 -0.02194262983130102 1.1533270835876466 10 0.64805996 1.4479586
08_269 -0.010980477072472183 1.2514540672302246 10 0.61485004 1.6834282
08_272 -0.00290151415029527 1.0299999237060546 10 0.047580004 0.112620115
08_280 0.004778430436008563 1.3287657329014368 7 0.91015005 2.2451572
08_281 0.022392196950299592 1.2689538955688477 10 0.95597005 1.7139637
08_282 0.01362885343374387 1.2234915892283122 6 0.32895005 0.6353531
08_284 0.023500069892163467 1.3222272055489677 14 1.0960801 3.8189037
08_287 0.009460399968112654 1.1266508102416992 12 0.29413998 0.8929882
08_290 0.011667493666932316 1.2400293852153577 19 0.6466 2.5586057
08_292 0.043585108665865846 1.337008549616887 13 0.44264007 1.7763014
08_294 0.004795188655815963 1.252713966369629 10 0.8654201 2.2658162
08_297 -0.006938982436176744 1.1590961309579701 13 0.51084006 1.3932263
08_307 0.0019323841938341246 1.318303320142958 9 0.55341995 1.6622467
08_309 -0.009460399968112654 1.1931366390652127 9 0.45632994 1.2013266
08_312 0.0019328876015087815 1.2772945924238726 11 0.67210007 1.284944
08_314 -0.018359337199308712 1.3251502173287528 14 0.92525005 3.67456
08_317 -0.0335071356769987 1.3958958217075892 7 1.07084 2.2271576
08_319 -0.012354524627095742 1.2772900263468425 9 0.80482006 1.74472
08_327 -0.002322136660138696 1.373960018157959 2 0.47922003 0.47922003
08_329 0.006431667994815982 1.3028799295425415 4 0.78875995 1.0019999
08_332 -0.02109871232981142 1.2828868865966796 10 0.66314006 1.7325301
08_334 -0.005798159396851688 1.2520740509033204 10 0.61880994 1.8826598
08_336 0.008377516922287498 1.220226001739502 5 0.54725003 0.987236
08_341 0.020798154813173042 1.4258825778961182 4 0.54927003 0.87379014
08_355 0.00216727696747121 1.254702159336635 14 0.8965001 2.7262478
08_356 0.01814393262112901 1.1878299713134766 9 0.37398994 0.68151975
09_053 -0.07843741235497781 1.0158649682998657 2 0.013329983 0.013329983
09_094 -0.03825248010107707 1.212112045288086 5 0.49402 0.698908
09_096 0.09886884675891316 1.2981799840927124 2 0.26024008 0.26024008
09_103 -0.024663444344854568 1.3246533075968425 6 0.5924901 1.1611601
09_107 0.03193954370208729 1.2939478067251353 26 0.73748004 4.876211
09_122 -0.014597445738692372 1.1767311096191406 9 0.45269 1.0934135
09_124 -0.025146576684434763 1.3587874174118042 8 0.67594004 1.5970799
09_126 0.013898388546365936 1.4250800132751464 5 0.9755199 2.00212
09_127 -0.020360462988238126 1.4130189895629883 10 0.56920004 1.5900879
09_129 -0.008289819344351912 1.3070712089538574 8 0.71168995 1.9769922
09_131 0.008289819344351912 1.2323445029880689 46 1.01023 7.396688
09_134 0.014597445738692372 1.2609867254892986 6 0.89668 1.5113133
09_158 -0.019360511494907584 1.057003339131673 3 0.051910043 0.06859338
09_159 0.013053490482590746 1.2864148276192802 28 0.91659 4.51277
09_161 -0.007443253395670979 1.1303136998956853 11 0.37195992 0.8789562
09_169 0.026189327129845452 1.245994249979655 12 0.47631 1.2976414
09_172 0.0411731637621795 1.281956672668457 3 0.28087997 0.33613336
09_174 0.022315137099518267 1.3326898574829102 10 0.60947 1.1764201
09_177 0.007443253395670979 1.1973620096842448 15 0.45296 2.0596359
09_179 -0.03514123547424752 1.470094919204712 2 0.12091005 0.12091005
09_180 -0.0320601371085516 1.3828904893663194 18 0.83627 3.782229
09_182 0.005878604284021094 1.3067792256673176 12 0.49199998 1.9027301
09_184 0.07469705207545019 1.2963950634002686 12 0.66646993 2.18318
09_187 -0.006123158188676925 1.4702582359313965 24 0.86225 6.0908766
09_189 0.03607433193508491 1.4112366994222005 15 0.87100995 3.3680537
09_192 -0.011594715983473947 1.4599260330200194 5 0.9640199 1.204364
09_194 0.007019218210624345 1.34110107421875 10 0.85877 2.2284763
09_195 -0.015273365969131092 1.0951800346374512 2 0.06566 0.06566
09_197 0.007891987268834555 1.3117971420288086 14 0.80723 2.516149
09_199 0.0008099911956200856 1.3540799617767334 1 0.0 0.0
09_202 -0.007480598507266123 1.1720470428466796 10 0.38320005 1.005344
09_206 -0.012760163462678165 1.2660000324249268 8 0.6921301 1.5616202
09_207 0.0003269886685774992 1.1339750289916992 2 0.0008100271 0.0008100271
09_209 0.010821832556825228 1.2839460372924805 10 0.88306 2.3221245
09_212 -0.012301017388434587 1.3673291887555803 14 0.67002 2.3080869
09_214 0.030462097454853065 1.3688750267028809 4 0.64084995 0.80399
09_216 0.028287609694638505 1.5911779403686523 5 0.6033399 0.88401616
09_217 -0.001097539509094858 1.4274099523370916 11 0.51146996 1.5141598
09_218 0.0017448053882631598 1.3052200078964233 2 0.5592799 0.5592799
09_219 0.004050151706923799 1.5341332084254216 19 0.7102399 2.78897
09_220 -0.006706393309242387 1.3116750717163086 8 0.77207994 1.6724901
09_222 -0.05861459928621393 1.3827091852823894 12 0.85635006 2.7833905
09_225 -0.011892512340784478 1.2672054584209735 13 0.43447006 1.3728136
09_227 0.0014780007087136227 1.3448800173672764 11 0.89215004 2.2925003
09_229 0.004978182493388772 1.339232704856179 11 0.77647996 1.7603925
09_232 0.02168807520178717 1.4071459770202637 5 0.74601996 1.0169079
09_234 -0.00748943572043359 1.337532639503479 8 1.00185 2.3941054
09_237 -0.012137069601298123 1.306025418368253 11 0.91024995 2.484696
09_239 -0.01657095911981088 1.3209967613220215 12 0.9158701 2.827127
09_242 0.007993825546501299 1.0488200187683105 1 0.0 0.0
09_243 -0.010999972618936482 1.3532140731811524 10 1.0617499 2.498236
09_244 -0.008601540346834469 1.132948398590088 6 0.28193998 0.43430686
09_245 -0.004980921491631207 1.3610071182250976 10 0.9691999 2.909304
09_246 -0.012334852466869606 1.1481150388717651 4 0.19437003 0.23258007
09_247 -0.00038046119961876457 1.1760392506917319 15 0.69828 2.0910275
09_249 -0.017999728938640658 1.2697010040283203 11 0.91782 2.5852346
09_252 -0.02142001734786625 1.2765388488769531 9 0.82547 2.1991265
09_254 0.009158984956759042 1.2899208068847656 24 0.7508 4.6094813
09_257 0.0034376319095983376 1.1606300354003907 10 0.4968301 0.98176
09_261 0.01299184834142686 1.2767624855041504 8 0.93847 2.3465896
09_262 0.004498088143204626 1.128323237101237 9 0.31329 0.7451931
09_264 0.018035854464155676 1.1470333735148113 6 0.26599002 0.62810004
09_267 -0.008134455503748583 1.2366789817810058 10 0.67673993 2.075388
09_269 0.014690751882334041 1.3574761390686034 10 0.8122599 2.3890803
09_272 -0.004498088143204626 1.197599931196733 11 0.49921 1.7380997
09_274 0.04248012333486173 1.2361163226040928 11 0.5022 1.4013615
09_277 0.016052304841783993 1.334138552347819 12 1.0608301 3.5713944
09_279 0.028413836796040925 1.2073330512413611 13 0.43060005 1.5449907
09_283 -0.03789613689060545 1.313721264109892 17 1.04133 3.3524294
09_284 -0.003897362659765591 1.1259512901306152 8 0.21493995 0.6049497
09_287 0.010950855641453927 1.2768150329589845 10 0.525 1.3872298
09_289 -0.004651867427986289 1.2685399488969282 11 0.84433997 1.8294595
09_292 0.011786716520781226 1.3485419273376464 10 0.93223 2.098104
09_294 0.0065684079249557215 1.3026109695434571 10 0.78470004 1.998634
09_297 -0.018294291619533 1.248082160949707 14 0.75539994 2.1684499
09_299 0.019414973254678003 1.2498064041137695 11 0.58278 1.8207036
09_301 -0.016653626436601954 1.2943124771118164 4 0.5438 0.66623497
09_302 -0.03386412422935159 1.3255659958411907 29 0.89067996 6.7672076
09_303 0.023206586681681074 1.3361600240071614 3 0.55024993 0.56991994
09_304 0.005116615907633459 1.185522198677063 32 0.70706 5.4104877
09_307 -0.012414544253413595 1.2521513938903808 20 0.74123 3.867038
09_309 0.00030163905457136764 1.4890106201171875 35 0.9559599 8.848543
09_312 0.00043362339922481397 1.3904150644938151 30 0.94262993 8.544161
09_319 -0.005425751954838631 1.4158100400652205 7 0.75852 2.24016
09_322 -0.00043362339922481397 1.3520124753316243 12 0.77393997 3.076095
09_323 -0.00268564112191072 1.560807466506958 4 1.0213399 1.6834099
09_324 -0.017945554986260603 1.2382088899612427 16 0.83498 2.7719927
10_122 0.012542764086740377 1.3446825663248698 15 0.98991 3.8829875
10_124 0.0014978639717391218 1.2461074590682983 4 0.40267003 0.69124997
10_125 -0.002529386575286452 1.5228567123413086 3 0.8425801 0.8677534
10_126 -0.021366863331339303 1.2186299562454224 4 0.58129 0.78595996
10_127 -0.010747231306938332 1.3711749182807074 18 0.93731 3.5183501
10_128 0.007531048387464878 1.2203049659729004 4 0.57111 0.75507
10_129 -0.002591948798729149 1.2501088380813599 8 0.89985 1.7617253
10_132 -0.0015448540043152548 1.1473700205485027 9 0.59520006 1.01418
10_137 -0.015475511780463691 1.2943345175849066 9 0.70368004 1.9138044
10_139 0.0013865158000303524 1.144721303667341 14 0.40016007 1.2867427
10_142 -0.010844521177425293 1.2133970260620117 10 0.95309997 1.6083062
10_144 0.011558229922913554 1.3880556651524134 28 0.91455007 5.327112
10_145 0.049737268847440674 1.3631300926208496 4 0.77546 1.02898
10_146 -0.003988160066032975 1.5235023498535156 4 1.0444 1.09421
10_147 0.0004653826032221531 1.169326623280843 6 0.50674 0.7480333
10_154 0.007098898536291642 1.488283450786884 52 1.8323199 19.302443
10_155 -0.006424654681469022 1.3357660293579101 5 0.9784801 1.4163284
10_157 -0.012515617220248743 1.272274374961853 16 0.98432994 3.716225
10_159 0.039630173104162836 1.2079100608825684 10 0.66068006 1.1766002
10_162 0.03517155054566423 1.1507501602172852 14 0.37238002 0.85076034
10_163 0.053050661600627436 1.4527800877888997 3 0.66203 0.6906799
10_164 0.028895253880337535 1.2134428024291992 7 0.38249004 0.739483
10_165 0.04270924837755885 1.1433749198913574 2 0.07308996 0.07308996
10_166 0.010739999597797478 1.2940038681030273 5 0.64495003 0.91607165
10_167 0.004308400833313186 1.1965964057228782 11 0.43519998 1.1142235
10_168 -0.007060674986313131 1.2559399604797363 3 0.5966699 0.7203399
10_169 -0.008457584520016326 1.2157545725504557 15 0.46297002 1.7703055
10_172 -0.003785120391949448 1.2600875695546467 12 0.8124 2.94659
10_174 -0.018160524033724812 1.4513150850931804 12 1.061 4.89784
10_177 0.006768218233739631 1.4910094612523128 19 1.1050799 6.709209
10_179 0.010936472688392485 1.4564395317664514 26 1.0636101 9.139538
10_182 0.006373547881773689 1.4553679057529993 14 0.90068007 4.767094
10_183 0.06296239081687638 1.4761899709701538 2 0.22713995 0.22713995
10_184 -0.0037606366480176234 1.3868855476379394 20 1.02814 7.1009507
10_187 6.262452929917117e-05 1.4402890638871626 11 1.0904201 4.1327896
10_189 0.015675816134619325 1.5184243065970284 14 0.9669 4.705571
10_192 0.01603476441148466 1.5492245067249646 11 0.9830899 4.057605
10_194 -0.0006555117497395457 1.579188619341169 7 0.91305006 2.4817915
10_197 0.008178816537768085 1.4406349182128906 10 1.02197 3.61872
10_200 0.0022558035159097045 1.4340300126509233 11 1.09488 3.98528
10_202 -0.0033732766519047885 1.4622317227450283 11 1.0209199 3.809002
10_204 -0.00679280600281551 1.4416759490966797 10 1.017 3.4011717
10_205 -0.12597488393946854 1.281790018081665 2 0.17540002 0.17540002
10_206 -0.0223990435460788 1.1133699417114258 3 0.026960015 0.034619927
10_207 -0.029538208846782155 1.3815398746066623 9 0.788 2.2478004
10_209 -0.024578724438063304 1.400097942352295 10 0.95269 2.987
10_212 -0.030491719175735454 1.4178600311279297 11 1.0809602 3.5786
10_213 -0.0037162373516554936 1.791944980621338 2 0.65625 0.65625
10_214 -0.007720331965130001 1.4151850938796997 8 0.9698601 2.6617203
10_215 0.0020583292732894165 1.2479288578033447 8 0.87175 2.0985477
10_216 0.008105807740834692 1.4408349990844727 2 0.25913 0.25913
10_217 -0.014572688136095024 1.4315463304519653 8 1.0609599 2.6977696
10_218 0.003897422553020391 1.6151549816131592 2 0.72150993 0.72150993
10_219 -0.006395222732859196 1.19309663772583 3 0.44675004 0.5152267
10_221 0.024615412987067486 1.292799949645996 1 0.0 0.0
10_222 -0.020587212539307842 1.181339979171753 2 0.31778002 0.31778002
10_224 0.01526664839526859 1.5210071291242326 7 1.02364 2.8151371
10_227 -0.019421798727520923 1.3284883499145508 6 0.86519 1.3443899
10_230 -0.00529331327402538 1.3561442693074544 9 0.95131993 2.410733
10_232 -0.009294366976421387 1.455205570567738 11 0.9741001 3.8439655
10_236 -0.00026882941388173265 1.435502188546317 14 1.0327201 4.976374
10_239 -0.012851520989842768 1.5328344198373647 13 1.06255 5.0318956
10_241 0.018862468512550024 1.5259299278259277 12 1.06252 4.30058
10_243 -0.0014277559565947229 1.5248945409601384 11 1.0405099 4.1081142
10_245 -0.005173707347264411 1.5089810371398926 10 0.97468007 3.8681898
10_253 0.003130858578838769 1.3532123565673828 9 0.9413099 2.4340024
10_256 -0.0030632870335427498 1.4747015635172527 12 0.95148003 4.348363
10_258 0.013625332872189588 1.2625378502739801 9 0.91797006 1.6836181
10_261 0.001841686484173266 1.3781129837036132 10 1.0181999 3.555522
10_266 0.0030448102912270514 1.3999035575173118 11 0.96404004 3.2318106
10_269 0.0061142639041609215 1.328463418143136 14 0.95092 3.5615566
10_270 0.00895595343799016 1.1608733336130779 3 0.35529006 0.4365734
10_272 0.001940030606217391 1.4694115320841472 6 1.0932801 2.24207
10_273 0.005462357242766558 1.3371299107869465 3 0.60143995 0.67403996
10_274 -0.006958343436892278 1.3445791244506835 10 1.02666 3.240468
10_275 -0.006889818271005765 1.4844099283218384 4 0.71572995 1.33634
10_277 -0.003893351050480831 1.4010041236877442 10 0.8769399 3.12846
10_279 0.0014164040891859742 1.3680945309725674 11 1.0541601 4.383184
10_281 -0.0070430414748212655 1.3285112380981445 8 1.0221001 2.5390525
10_284 0.002153921227252553 1.3293737173080444 8 0.97137 2.2404373
10_286 -0.004003564401063642 1.375413634560325 11 1.00665 3.3263712
10_289 -0.012276363319511319 1.3276780128479004 10 0.97212005 3.1842718
10_291 0.015565187597024632 1.4843982060750325 6 0.878 1.63563
10_294 -0.010531248882395872 1.5309729803176153 21 1.08884 7.4591312
10_296 -0.009719124349297559 1.3462351844424294 21 0.95849 5.769166
10_299 0.015372573071294582 1.1415339469909669 5 0.27448 0.492324
10_304 0.006321442141945965 1.3844382546164773 11 0.94606006 3.3913383
10_306 0.0005703252975060025 1.4044073278253728 11 0.97372997 3.389427
10_309 0.02786025482868304 1.3195369720458985 10 0.79877996 2.4612036
10_312 -0.00389080228059413 1.4317049980163574 12 0.93991005 4.21691
10_314 -0.0105628419466548 1.46902068456014 12 0.93021 3.7423503
10_316 -0.022010478854932458 1.4748390197753907 10 0.91328 3.50949
10_319 0.00539969022493203 1.4456579208374023 5 0.98889995 1.816808
10_321 -0.02632722143963484 1.4602516492207844 12 0.92875993 3.8237996
10_322 0.006140371429127711 1.1332199573516846 1 0.0 0.0
10_325 0.040001857169317034 1.5259850025177002 2 0.84693 0.84693
10_327 -0.019745994329516847 1.4467573165893555 11 0.99129 4.014342
10_337 0.027893908792510302 1.354457950592041 5 0.883 1.663468
10_339 -0.033479941487458476 1.3940315246582031 13 0.92276 4.387602
10_342 -0.013816579738213264 1.4318425105168269 13 0.88515997 4.4594126
10_347 0.003581291956106014 1.5126183827718098 6 0.84981 1.6927899
10_349 -0.015262119249610961 1.467282740275065 15 0.93382 4.6916223
10_351 -0.005455421433822494 1.4434012004307337 14 0.93889 4.6903396
10_353 0.014185581836903438 1.4034049034118652 20 1.10839 6.4495096
11_068 0.012359472477154299 1.5247278213500977 9 1.0109501 3.4716024
11_069 0.024884569686211222 1.5220572731711648 11 1.0289199 3.714778
11_070 0.002897997760234361 1.4232099850972493 12 0.8989301 3.9767404
11_071 0.006048474035148743 1.4948500119722807 13 0.96655 5.17194
11_072 0.011278175171945293 1.470728507408729 13 0.92524004 4.0802956
11_073 -0.00028487115257114226 1.4741252018855169 13 1.0326699 5.2340345
11_074 0.00045084018373131585 1.5066016515096028 12 1.0160902 4.9494205
11_075 0.00028487115257114226 1.556571125984192 16 1.0900999 6.3246174
11_077 0.007582956677520514 1.4982013702392578 15 0.94241 5.194119
11_079 -0.0008522559227479576 1.5407439867655437 12 0.91698 2.9490619
11_082 -0.013439721562367168 1.5683725530450994 11 1.09105 4.4031477
11_084 -0.004957520001802607 1.541193155141977 13 0.9906601 3.915677
11_089 -0.022486276447548192 1.4963654604825107 11 1.03002 3.6520853
11_092 -0.005327625996876861 1.3955984115600586 6 0.91375995 1.9299668
11_094 -0.0011365301066259548 1.5297962535511365 11 0.97964 3.5976038
11_102 -0.013171588725917616 1.5575149536132813 10 1.05184 3.2652004
11_104 0.0015298976997613067 1.5631321801079645 9 0.95378995 3.0242577
11_107 -0.02512371820459336 1.5177808241410689 11 1.01347 4.162471
11_109 -0.004153419047529638 1.2658929824829102 10 0.94084 2.0554757
11_112 0.005361367570245079 1.4536454460837624 11 0.98756003 3.8754363
11_114 -0.0008649600600509899 1.5009180068969727 10 0.9783 3.70016
11_117 0.0011365301066259548 1.5429000854492188 9 1.0058199 3.6522598
11_119 0.026062104622591065 1.369282563527425 12 1.0506899 4.2114806
11_135 0.01737569134914274 1.3814699172973632 5 0.70062006 1.26136
11_136 -0.012209857790494993 1.2629133065541585 3 0.59447 0.6925334
11_137 0.004505791146380389 1.449383475563743 11 0.9584199 4.378043
11_140 0.006672296209387696 1.434222902570452 14 0.97879994 4.9604063
11_142 0.0005440334287687421 1.2521700859069824 10 0.79815996 2.0913205
11_145 -0.008823987741500616 1.245280106862386 6 0.6687801 1.4769604
11_146 -0.007402544727691307 1.341439962387085 2 0.65274 0.65274
11_147 -0.013448536277934409 1.33939880794949 9 0.90106 2.8369865
11_150 0.007150684088479409 1.3655099868774414 14 1.0293299 4.23746
11_152 0.002549782236448195 1.3053833643595378 6 0.82807994 1.7025067
11_155 -0.005810659298767007 1.005020022392273 1 0.0 0.0
11_230 -0.012791567146486216 1.4044699668884277 3 0.35359 0.37608004
11_232 -0.007854757955282565 1.5737646276300603 11 1.0636599 4.289085
11_235 0.003255151247580912 1.4237298965454102 10 0.86334 3.14146
11_238 0.007291965926494726 1.369502067565918 10 0.79766 2.5940442
11_239 -0.004426123352134326 1.2635200023651123 1 0.0 0.0
11_240 0.016965294223087568 1.550062084197998 10 1.04849 3.3304958
11_241 -0.01569804532224417 1.2102500200271606 1 0.0 0.0
11_242 0.0011916369776798774 1.2239999771118164 1 0.0 0.0
11_243 0.011672600802921096 1.3699433008829753 12 0.94947994 3.9298663
11_244 0.0127406730779267 1.2049100399017334 1 0.0 0.0
11_245 0.016609128321398714 1.5207932790120442 6 0.97150004 1.9780599
11_246 0.0029639527270326482 1.1338800191879272 1 0.0 0.0
11_247 -0.00800422650744892 1.4362488852606878 9 0.8924999 3.0685687
11_248 -0.0011916369776798774 1.152459979057312 1 0.0 0.0
11_252 0.00399941639900625 1.3200344509548612 9 0.91442 2.3406334
11_253 -0.020197310790200262 1.3234975337982178 4 0.37509 0.58212996
11_254 0.011398749621728044 1.39551457491788 11 0.99687004 4.303804
11_255 -0.012079180647752708 1.2094167073567708 6 0.40774 0.56190693
11_256 -0.020983981146375896 1.162601629892985 6 0.47852993 0.7376932
11_257 -0.005509836414988811 1.1363400220870972 1 0.0 0.0
11_260 0.021380074427668205 1.4564362934657507 14 1.12698 5.167982
11_262 0.024224956252389518 1.3896920945909288 9 0.99162996 3.067766
11_265 0.01096655353682685 1.2872532738579645 9 0.88411 2.1690397
11_267 -0.0030317389441645304 1.3469488355848525 9 0.93425 2.7817087
11_270 -0.019869081615627948 1.4173682530721028 6 0.91868997 2.1071696
11_272 -0.007118038710025587 1.3545411427815754 9 0.92573 2.8622513
11_275 -0.002103761623873268 1.457106351852417 8 0.9123701 2.54403
11_277 -0.003891767259888823 1.4775320053100587 10 0.94822 3.82302
11_280 0.009320091259583663 1.477027416229248 8 0.98209 3.3463202
11_282 -0.01623193410175716 1.4409675598144531 12 0.96632993 4.0370054
11_285 0.01314435097627964 1.5044538974761963 16 1.0853801 5.9143076
11_287 0.01659900941695902 1.605943431024966 23 1.03989 8.37041
11_290 -0.0038033225452718256 1.4405838251113892 16 1.01508 5.843855
11_292 -0.02729520493139681 1.4482871464320592 7 0.83427 2.0218427
11_295 0.005994126007724532 1.3620818745006213 11 0.93485 3.1470056
11_300 -0.0026066810814189267 1.309078852335612 9 0.9442899 2.4682665
11_302 0.016303017725430635 1.40072640505704 11 0.92227995 3.5639563
11_304 -0.0036317057535963926 1.3708422524588448 14 0.95153 4.792115
11_311 -0.003499310292118807 1.3899928006258877 11 0.9444201 3.5880387
11_315 0.009557758932885463 1.504009940407493 11 0.90146995 3.59408
11_317 -0.012078509326165943 1.4655819892883302 10 0.9481801 3.0795403
11_319 0.02604014461235238 1.5038566589355469 3 0.79128003 0.95898664
11_320 0.025195950301625913 1.3389715467180525 7 1.02322 2.0775344
11_327 0.010623312216527125 1.456433809720553 13 0.97419 5.4871135
11_330 0.0028427184909922687 1.4364959716796875 10 1.06842 4.088912
11_332 -0.01821995927229736 1.4507938623428345 8 0.8963599 3.2382698
11_335 -0.0003371780070455799 1.5449969291687011 10 0.88967 3.543916
11_340 0.001090369782753342 1.4473886489868164 14 0.98302996 4.9895
11_342 -0.028023876571117157 1.4284666379292805 12 0.9174501 4.1772604
11_350 0.01440220495357103 1.3602337156023299 14 0.9465101 4.578432
11_352 -0.0287603224941968 1.4738358088902064 7 1.0503501 3.063786
11_360 -0.025696950427722243 1.5500526428222656 4 1.05206 1.43539
12_033 0.053403640832749844 1.063035011291504 2 0.11388993 0.11388993
12_034 -0.0474395465846591 1.3849999904632568 1 0.0 0.0
12_040 -0.06394189091701108 1.1639699935913086 4 0.28897 0.39338005
12_045 0.0474395465846591 1.1255149841308594 4 0.26173007 0.34668005
12_110 -0.007497297461460661 1.039929986000061 1 0.0 0.0
12_112 0.013153876944979714 1.4499280112130302 14 0.9129 4.7981257
12_115 0.015210653982141054 1.4390755566683682 11 0.94837 3.7984166
12_117 0.0014299537165030074 1.3484331766764324 12 0.99100995 3.7972522
12_120 -0.016761288007931086 1.3886254050514915 11 1.0807201 3.4001057
12_122 -0.017379048616549042 1.4570941925048828 12 1.0927 4.8963385
12_123 0.05430815732460914 1.6318566004435222 3 0.87862 1.1571934
12_125 -0.056658428219488854 1.3887784140450614 14 0.9390601 4.543494
12_127 0.02140971139747272 1.4311505635579427 15 1.09448 4.271171
12_130 0.021423656171307925 1.3748300075531006 8 0.83247995 2.41412
12_132 -0.005816108734082448 1.38983154296875 13 0.92939997 3.9942446
12_134 0.02279371323324142 1.3787630081176758 10 0.9712 3.3760018
12_136 -0.02023749788180318 1.464778995513916 10 0.84207 3.11451
12_139 -0.015593602663390271 1.3597133424546983 9 0.84835005 3.05192
12_142 0.00946490022497315 1.3473022249009874 9 0.7912899 2.6260066
12_147 -0.07714801776457314 1.205996036529541 5 0.57759 0.838676
12_149 -0.057265568211246176 1.3869354941628196 11 1.0546899 3.9411564
12_152 -0.017968675270353174 1.3421900007459853 9 0.8205 2.57
12_155 -0.044455644187555876 1.3279380798339844 5 0.7298801 1.4956881
12_157 0.00619493068614041 1.4132056766086154 9 0.96202993 3.5802956
12_160 0.009614178916256932 1.2654232612022986 13 1.0326802 3.3247566
12_162 0.007587097079445826 1.2092692301823542 13 0.86457 2.2402437
12_165 0.02053987497233578 1.2028776315542369 13 0.6098 1.6992323
12_167 -0.00789809217744697 1.25121703514686 13 0.7681 2.3814511
12_172 -0.007044839594954055 1.2642459869384766 15 0.6553 2.8327441
12_173 -0.07587165128784967 1.416246732076009 3 0.20649993 0.21251321
12_175 0.05034129765945394 1.3692550659179688 10 0.86024 1.9479499
12_177 0.02843551811755951 1.290279128334739 11 1.10981 3.0503497
12_180 -0.04400188002119876 1.2736074924468994 4 0.42836 0.7972499
12_182 0.023464710034113878 1.5301368419940655 13 0.8944299 3.8828826
12_185 -0.016744205458937955 1.3391586542129517 8 0.8678 2.0297472
12_186 -0.01324730595811019 1.3051999409993489 3 0.48211002 0.62953997
12_187 -0.013602832522892072 1.461760741013747 13 0.94826007 4.8442297
12_190 -0.005104766047006493 1.4256098897833573 19 1.1145799 7.079259
12_193 0.01375554742411289 1.4771807743952825 13 1.0294101 4.5645695
12_195 0.007355834692953422 1.3495030403137207 10 0.99517 3.5142617
12_197 0.011895311689297472 1.4053839683532714 10 1.05417 3.1930556
12_200 0.009207273338590838 1.3209882216020064 11 0.93823004 2.5811512
12_202 0.0019122207709383332 1.2149232228597004 9 0.71926 1.3475263
12_205 -0.0066193351747365625 1.41986083984375 14 0.9443799 3.9560516
12_207 -0.00231987629796393 1.4468345642089844 11 1.0113599 3.4900546
12_210 -0.005415374056084943 1.4148740768432617 12 0.8076999 2.8079019
12_215 0.011386031641583472 1.4294008108285756 13 0.8377 3.632409
12_217 0.007424642344970422 1.4769015678992639 13 0.90924 3.4875753
12_220 0.020868518352685328 1.428635491265191 9 1.1026399 2.6905756
12_222 0.009207669739224045 1.4436589241027833 10 0.88794994 3.48127
12_225 -0.006037802247499613 1.4657357533772786 12 0.99091005 3.90103
12_227 -0.010103473202619284 1.3924132982889812 6 0.6823901 1.3654599
12_230 -0.0037741084690647853 1.4396621916029189 9 1.0119699 3.1544576
12_232 -0.04055527909584278 1.6031089782714845 10 1.03371 3.6037724
12_235 -0.006541343215468842 1.4018762111663818 8 0.81855 1.9783425
12_237 -0.01489641492076288 1.3687742778233118 7 0.78857005 2.2106543
12_240 -0.02641443622469808 1.421761194864909 9 0.9498099 2.838251
12_242 0.014959997319827778 1.5487679481506347 10 0.94800997 2.5379043
12_245 -0.009323360196423991 1.3608468770980835 16 0.94237006 5.1586037
12_247 -1.8468886828770792e-05 1.6235118865966798 10 1.06547 3.200172
12_250 -0.011312386629318993 1.4083085741315569 7 0.9169401 2.6342888
12_251 0.02361924876515964 1.0711849927902222 2 0.077250004 0.077250004
12_252 0.00558946927571391 1.4504199709211076 7 0.90534997 2.75922
12_255 0.01271209217026481 1.512608528137207 7 0.90988004 2.3095913
12_257 0.0034942744965551498 1.4827114985539362 13 1.1165099 4.5618615
12_260 0.013230660496690305 1.4414344267411665 11 0.99671996 3.7053742
12_262 0.01987833453210719 1.3518872694535689 11 0.88332 3.1488166
12_265 -0.006452411477946285 1.3846768273247614 9 0.9920101 3.1177208
12_267 -0.011963926926732427 1.4245033264160156 9 0.94064 3.4244132
12_270 -0.0020750402442395455 1.3062099880642362 9 0.6757599 2.2425401
12_272 -0.022399150399479595 1.4352264404296875 14 0.94685996 5.10383
12_280 0.01048936562436431 1.4799036979675293 8 0.90044 2.92111
12_282 -0.013459280652172723 1.502346674601237 6 0.99893 2.43908
12_285 -0.012836808591139004 1.354546758863661 9 0.94101 3.2205405
12_287 0.0020319172178684397 1.329042843409947 7 1.0021299 2.285068
12_290 -0.0045261190798591144 1.3111543655395508 7 0.91548 2.2394829
12_292 -0.017017422479689515 1.3845999717712403 5 0.7089399 1.0987798
12_295 -0.0055902707967447895 1.4692054161658654 13 0.9319401 4.311765
12_297 0.0012641871150833595 1.3857849438985188 6 0.76624 1.4309499
12_300 0.017022146839201113 1.3672361373901367 8 0.94573 2.09991
12_302 -0.0063497298376749 1.3467769622802734 10 0.92130995 3.117684
12_305 0.00015327421475319625 1.38759183883667 12 0.82934 3.3593037
12_307 0.011915087788002765 1.5533185686383928 7 0.95360994 1.8364885
12_309 0.007645554164577462 1.1137499809265137 1 0.0 0.0
12_310 -0.00015327421475319625 1.4928183555603027 12 1.0676999 4.0602202
12_312 0.0015466422537357971 1.4746444490220811 9 0.89965 3.1487846
12_315 0.010290986381086498 1.3380020989312067 9 0.8726499 2.7983866
12_317 0.00024622826682119126 1.5534530639648438 10 1.02322 3.32417
12_320 -0.004293723516497039 1.3867549896240234 8 0.85390997 2.48907
12_322 -0.005567368061093703 1.387312412261963 4 0.6152401 1.1621101
12_330 -0.015092036846670709 1.4537390795621006 11 1.0353299 4.4281693
12_332 0.00885703946211791 1.5301100015640259 2 1.0553 1.0553
12_336 0.007273406300669194 1.1922199726104736 1 0.0 0.0
12_337 0.14476172734685733 1.0931974649429321 4 0.050530076 0.06803
12_340 0.01285917348912946 1.3526372909545898 11 1.07594 2.9823818
12_342 -0.005166610032363295 1.369358777999878 8 0.91804004 2.8080873
12_345 0.018398079295801395 1.3734474182128906 4 1.14241 1.5438849
12_347 -0.012517573352662126 1.4101420402526856 10 0.921 3.6419442
12_350 -0.020122213136357203 1.4603981018066405 10 1.1015401 3.9164765
12_352 0.00884692113067942 1.6252269744873047 13 0.97811997 3.8796692
12_358 -0.006564914943043121 1.5076700448989868 2 0.70068 0.70068
12_360 0.047145041826016865 1.4433343675401475 9 0.91986 3.2596843
12_362 0.023532574254000238 1.4340121269226074 10 0.9226699 3.239244
12_365 0.006729517527164219 1.4061392270601714 13 0.8709401 4.379848
13_001 0.014874777167882769 1.4714299982244319 11 1.0007701 4.5109997
13_004 -0.00025211247710643647 1.4671907424926758 14 1.0716201 5.2688913
13_009 0.014267966485469685 1.4144400358200073 1 0.0 0.0
13_010 -0.0016264447729685827 1.0925500392913818 1 0.0 0.0
13_011 -0.002545009012807853 1.3178349733352661 8 0.84365 2.2316499
13_013 0.003359452431944021 1.1492300033569336 1 0.0 0.0
13_014 -0.014626630719941858 1.30643310546875 10 1.07576 2.8550963
13_016 -0.007478511759209994 1.3722199031284876 7 0.91629994 2.7532597
13_017 0.04146087705810153 1.3061599731445312 3 0.89260006 1.1776
13_099 0.033076692894519866 1.4994890213012695 10 1.01608 3.26237
13_101 -0.08133627878213012 1.5328391682017932 11 0.91021 3.879671
13_106 0.04193007719849717 1.5742023256089952 9 0.86072004 3.2750177
13_108 -0.011610408113510218 1.5853700637817383 2 0.87530005 0.87530005
13_109 0.0002671619074963161 1.5044153386896306 11 1.0413301 4.664625
13_114 -0.014790127584499047 1.4666475057601929 8 1.08047 2.945415
13_115 0.02285973182010892 1.553375005722046 2 0.97265005 0.97265005
13_116 -0.015143287586804277 1.2394700050354004 10 0.82145 2.20014
13_117 0.07051627977075015 1.0613949298858643 2 0.058309913 0.058309913
13_118 0.019134537227007087 1.3271199464797974 1 0.0 0.0
13_119 -0.024789385444844214 1.4066856929234095 7 1.00802 2.5794373
13_120 -0.050024717455837475 1.0883150100708008 2 0.022170067 0.022170067
13_121 -0.02038411736894119 1.3019537925720215 8 1.14239 2.0640051
13_124 -0.0059028754723424726 1.3879075050354004 8 0.96347 2.54076
13_129 -0.016138564247883735 1.34610116481781 8 0.78216994 1.86043
13_131 -0.005126081403094673 1.3773000240325928 8 0.92522 2.5914001
13_134 0.014727682577653667 1.346294116973877 10 0.9675801 2.7676282
13_136 -0.0053703278438703705 1.3712584177652996 6 0.90659 2.1525269
13_137 0.009317863383500935 1.3852732976277669 3 0.71950996 0.76837325
13_140 0.04676352252317528 1.6444000005722046 2 0.35816002 0.35816002
13_141 0.008420223636818491 1.409498623439244 7 0.88441 2.6770685
13_144 0.0209679410310315 1.4767471040998186 7 0.88923 2.3670373
13_147 0.005632946894950308 1.4914558410644532 5 1.1471399 2.0145357
13_150 0.07848482442027382 1.054995059967041 2 0.069189906 0.069189906
13_151 -0.011107697856019172 1.315824031829834 10 1.05448 3.140076
13_152 -0.00010402574335977022 1.3225733439127605 3 0.64281 0.6680733
13_156 0.004202629237477495 1.3193984031677246 6 0.93328 1.57855
13_171 -0.0081981503639188 1.2858144586736506 11 1.09503 3.4880433
13_172 0.006001264222060598 1.1927599906921387 1 0.0 0.0
13_176 -0.00222659842748385 1.234779914220174 12 0.73983 2.5788798
13_177 0.017858980589615214 1.1355600357055664 1 0.0 0.0
13_181 0.004166372997456591 1.489255768912179 7 1.04962 2.697146
13_183 0.032134273693039006 1.3895750045776367 2 0.13099003 0.13099003
13_184 -0.015155463008658998 1.459634017944336 10 0.91273 3.2116919
13_186 -0.012277497875139431 1.4573219299316407 10 0.8779 3.3776002
13_189 -0.002344511527892834 1.361918290456136 6 0.96538985 2.2725265
13_191 -0.010034258130355411 1.4353931133563702 13 1.1138499 5.3278832
13_194 0.0024879234566483888 1.4293186664581299 8 1.01733 2.9360676
13_196 -0.007743448680303189 1.4258544709947374 9 0.85734 3.2393646
13_199 -0.0027270835881623157 1.4119837500832297 11 1.0999701 3.7374713
13_201 0.01094274570704279 1.3695869445800781 10 0.97014 2.9123778
13_222 0.0027270835881623157 1.1606700420379639 1 0.0 0.0
13_224 -0.008369338268849447 1.4419057028634208 7 0.89023006 1.7693259
13_322 0.014851278749423713 1.1024099588394165 1 0.0 0.0
13_329 0.01020139870127501 1.322599274771554 14 0.9254501 3.1042678
13_331 0.01076369446338532 1.3613632520039876 12 0.97203994 3.4005866
13_334 0.014464372621366905 1.2838925123214722 8 0.85042 2.2975702
13_336 -0.005299043774996903 1.4907880783081056 10 1.0304601 3.2443838
13_338 -0.03993160248073124 1.2165899276733398 2 0.23994005 0.23994005
13_339 0.006035064083901531 1.4522357668195451 7 0.9259701 2.7215261
13_341 0.005299043774996903 1.3249678081936307 9 0.80767 2.6751132
13_346 -0.00945977209049964 1.2606425285339355 4 0.26088 0.33062994
13_349 -0.015138793689235541 1.1842750310897827 2 0.34230995 0.34230995
13_351 -0.006035064083901531 1.4466700553894043 1 0.0 0.0
13_352 -0.017260823813716186 1.281350016593933 1 0.0 0.0
14_018 0.02009656537645732 1.4436220169067382 5 0.8194201 1.7061082
14_019 -0.04065246628873176 1.0204849243164062 2 0.0008300543 0.0008300543
14_021 -0.017762369011055767 1.340250015258789 1 0.0 0.0
14_043 0.00030622369054356113 1.0738999048868816 3 0.14549994 0.15391982
14_047 0.017762369011055767 1.1437599658966064 1 0.0 0.0
14_055 0.06981150010772019 1.0911550521850586 4 0.14275002 0.2286601
14_170 0.01272114763038168 1.26088454506614 11 0.81534994 2.6516545
14_173 0.006547015385237387 1.3482128490101208 11 0.90748 2.9699526
14_174 -0.0069778270777867135 1.435582967904898 13 1.7095 5.140089
14_175 0.01544500101885049 1.4251192266290837 11 0.9218 3.0613298
14_178 0.009183991887256937 1.4216824769973755 8 0.90827 2.265325
14_179 -0.007491315661726006 1.3553227511319248 11 0.81759 3.201613
14_180 0.0013317768168743527 1.4877836054021663 11 0.9806299 4.0919166
14_181 -0.011619929538218443 1.4707327756014736 11 0.98562 3.9595327
14_183 -0.0040228087057432305 1.4626098979603162 11 0.9744699 3.73186
14_185 0.006492354962521318 1.450852182176378 9 1.1439099 3.3673818
14_205 -0.005966888532830339 1.3466454419222744 11 0.95539 2.7299454
14_207 -0.00162883695243643 1.4137022230360243 9 0.83902 2.173562
14_208 0.0002970601355620772 1.4059480667114257 10 0.73359 2.326084
14_209 -0.01692853689595708 1.483255598280165 9 0.77898 1.9632646
14_215 -0.000918471020701972 1.3742899894714355 4 0.85228 1.25946
14_216 -0.0023484530099562306 1.5933899879455566 4 0.5389601 0.63874006
14_228 0.041447128867648786 1.3374249935150146 2 0.11776996 0.11776996
14_235 0.007368300841104514 1.492234992980957 10 1.0708201 2.8235402
14_236 -0.011281186936743737 1.4467964172363281 11 0.99530995 3.8299162
14_237 0.004509632349309456 1.41618898179796 9 1.1387199 2.646447
14_242 0.017306779785206672 1.4073499952043806 7 0.89276993 1.5594599
14_243 -0.0067834608304249144 1.4695281982421875 11 0.9130701 3.1397257
14_244 0.005609426642667614 1.5820890426635743 10 1.06599 3.1823916
14_245 0.02110099940197685 1.5218925476074219 8 1.0479201 2.3484
14_248 0.018979885146643838 1.3859801292419434 6 0.79490995 1.2371802
14_249 -0.007026522840801519 1.191746711730957 3 0.28462005 0.31525338
14_250 -0.010240802736838361 1.2001750469207764 2 0.04419005 0.04419005
14_251 -0.016945337134934846 1.230002522468567 4 0.53698003 0.73001504
14_253 -0.010389387114363657 1.3853025436401367 4 0.93112993 1.358455
14_254 -0.00458499546983937 1.1865949630737305 2 0.0014100075 0.0014100075
14_255 -0.005609426642667614 1.1430599689483643 1 0.0 0.0
14_256 -0.0009263343450633954 1.4161516825358074 6 0.9208801 1.7120333
14_257 -0.013355778325147227 1.1189749240875244 2 0.07376993 0.07376993
14_258 -0.0070076189724535 1.1556400060653687 2 0.018620014 0.018620014
14_261 -0.010033507394226149 1.2929682731628418 6 0.58841 1.05907
14_263 0.006730883523161424 1.1647050380706787 2 0.061689973 0.061689973
14_264 -0.0035773241855192595 1.3091013431549072 8 0.93350005 2.7909126
14_265 0.017786839276865862 1.3550237508920522 13 0.94864 3.9905138
14_271 0.023141131574602625 1.495086669921875 3 0.59882 0.73701334
14_272 0.03050205789087812 1.3127799034118652 4 0.55337 0.88065994
14_279 0.02495673795347564 1.3658733367919922 6 0.9198301 1.4786468
14_298 -0.04072023855860252 1.4289114815848214 7 0.8016499 1.8356714
14_299 -0.06619286611057973 1.3435463471846147 11 0.95305 3.2357564
14_300 -0.051917668039980214 1.4896459579467773 10 1.0203701 3.128608
14_351 0.10627454702716577 1.6544100046157837 2 0.5527401 0.5527401
15_048 -0.2992908385760682 1.1925749778747559 2 0.0008100271 0.0008100271
15_049 -0.049603737858701535 1.1121549606323242 2 0.008790016 0.008790016
15_053 0.0014166677486517898 1.3553500175476074 8 0.81829 2.01282
15_054 0.005124440080601644 1.4674491882324219 11 1.00133 3.0563312
15_055 -0.0014166677486517898 1.2850875854492188 4 0.71243 0.89204514
15_076 0.007714018618624863 1.5222363471984863 8 1.0127801 2.23691
15_077 0.015397785667364161 1.5508549690246582 10 0.88488007 2.7906103
15_080 0.0057720262432976455 1.5871417305686257 11 1.0050601 3.7720184
15_081 0.01894219087402682 1.5141499837239583 9 0.94993997 2.5845199
15_082 0.016574266111810232 1.389173984527588 5 0.6753299 1.1770638
15_083 -0.002502578037322678 1.632949948310852 1 0.0 0.0
15_087 0.030215728864293467 1.5164640426635743 10 1.03811 3.02672
15_088 -0.002035597160681135 1.4910744753750889 11 1.05579 3.7982454
15_089 0.00621423925238318 1.4711376825968425 9 0.92983997 2.6879976
15_090 0.006639323101540029 1.0745200316111247 3 0.105669975 0.13749993
15_091 0.026235308812692537 1.3915749788284302 4 0.6608 0.8501799
15_092 -0.006639323101540029 1.1532684167226155 6 0.41977 0.5656638
15_096 -0.020195380026402532 1.2327100038528442 1 0.0 0.0
15_100 -0.012517182907712865 1.6087700128555298 1 0.0 0.0
15_102 0.9182687663488949 1.225000023841858 2 0.039659977 0.039659977
15_104 -0.006818762584055449 1.0451067288716633 3 0.031759977 0.035306692
15_107 -0.01570840373700655 1.5233876705169678 4 0.77568996 1.23781
15_108 0.01294539490523583 1.42789719321511 11 1.03234 3.8057075
15_109 0.004191645876622019 1.3961426995017312 11 1.0317 3.778618
15_110 0.016165350780383392 1.368476963043213 10 0.95195997 3.0909379
15_111 -0.0010302824085481888 1.303174452348189 11 1.00372 2.7917235
15_112 -0.0021310810595274177 1.1012300252914429 1 0.0 0.0
15_113 -0.006174459418343048 1.1187000274658203 1 0.0 0.0
15_115 -0.03366991548002929 1.1805150508880615 2 0.14082992 0.14082992
15_116 -0.01703286195128051 1.1853150129318237 2 0.13695002 0.13695002
15_117 -0.017259858193112265 1.1761399507522583 2 0.15942001 0.15942001
15_121 -0.020807591473554155 1.056730031967163 1 0.0 0.0
15_123 0.02356470456530957 1.7064359664916993 5 0.97008 1.3793123
15_124 -0.000366553233799749 1.3721820831298828 5 1.0429101 1.9262522
15_125 -0.08906949232350847 1.060289978981018 1 0.0 0.0
15_145 0.01686191749132604 1.3586599032084148 12 0.84511995 3.6167397
15_150 0.013199679928201036 1.3599599599838257 4 0.72087 1.1667601
15_151 -0.015119648433904231 1.458590030670166 6 0.9898201 2.0173202
15_152 0.048356487312799956 1.6846566200256348 3 0.94000995 1.0857934
15_155 -0.0025522340738799443 1.2932417609474876 11 0.81779003 2.1003218
15_156 -0.9775813872464685 1.2270728519984655 7 0.59167993 1.5303686
15_157 -0.9436694834380042 1.301789023659446 11 0.59047997 1.8757089
15_158 -0.9414880642023942 1.3409729957580567 20 0.99404 4.870733
15_159 -0.9468435794231915 1.340606689453125 18 0.96927 4.2417264
15_160 0.030245703644123267 1.0012400150299072 1 0.0 0.0
15_161 0.0038772621605485114 1.2146899700164795 1 0.0 0.0
15_164 -0.005616833447465552 1.276264985402425 12 0.80955005 3.1187003
15_165 0.025690245029611702 1.402269959449768 4 0.7874501 1.2623202
15_166 0.01075767136386574 1.2304400205612183 8 0.89106 1.8544601
15_171 0.012688548934924881 1.0881099700927734 1 0.0 0.0
15_172 0.025903628083721486 1.2094449996948242 2 0.37659 0.37659
15_173 -0.024253827316188747 1.2735966046651204 3 0.24722993 0.27259326
15_175 0.0011295416829959493 1.2806459426879884 5 0.25620008 0.46152413
15_176 -0.010064147158370673 1.4658820152282714 5 0.64313996 0.9016279
15_177 -0.012822857065199145 1.2969900369644165 4 0.61876 0.7881199
15_178 -0.01805700504501928 1.328107476234436 4 0.46508992 0.61053
15_179 -0.0034301484274141814 1.2091540336608886 5 0.49878 0.7572559
15_180 0.03431406579067087 1.405666669209798 3 0.48134005 0.49030674
15_188 0.002366782162994241 1.284276008605957 5 0.50539994 1.0093359
15_189 0.009184750684022802 1.1599500179290771 1 0.0 0.0
15_199 0.0209612235511063 1.3815839767456055 5 0.83677995 1.0533118
15_200 -0.0055986774926886085 1.4178707416240985 13 0.97221994 4.1660323
15_201 -0.002368414162775778 1.3269060134887696 5 0.83563006 1.117116
15_206 0.0013565169723097625 1.3621490478515625 10 0.90064 2.513906
15_207 -0.007651420426068256 1.3798270225524902 10 0.95105004 2.6011982
15_208 0.011058870598095183 1.423900032043457 10 0.88547003 2.67624
15_221 -0.010527234462264445 1.3742659568786622 5 0.80215 1.551596
15_222 0.04920569151257581 1.4662799835205078 4 0.6927 1.26926
15_248 0.01262003865415906 1.1415200233459473 4 0.2522 0.32542002
15_249 -0.008201853239953039 1.2895176410675049 4 0.65366006 0.80056524
15_255 0.012122539391100418 1.3875727220015093 11 0.9306799 3.7420526
15_257 -0.013968198192168657 1.340055783589681 12 0.9140899 3.4005413
15_258 -0.013230151390038358 1.1502000093460083 1 0.0 0.0
15_262 0.0011076119989379407 1.2360800504684448 1 0.0 0.0
15_274 0.019375184281139823 1.1197600364685059 1 0.0 0.0
15_275 0.0012210449574627802 1.2308449745178223 4 0.58743 0.79471004
15_286 -2.212644949259621 1.1496399641036987 1 0.0 0.0
15_287 0.0259435207870915 1.7986400127410889 1 0.0 0.0
15_295 0.0028457200413711803 1.2555149793624878 2 0.50631 0.50631
15_298 -0.025533678359549228 1.235719919204712 4 0.51506996 0.8976599
15_299 -0.016254692518542058 1.175917387008667 4 0.43802 0.6743499
15_301 -0.0029353925346189413 1.2813599904378254 3 0.75915 0.96106005
15_302 -0.010979341883338378 1.4225200017293294 3 0.83393 1.0267601
15_304 0.0595902230891312 1.2771250009536743 2 0.12634993 0.12634993
15_305 0.001578867905564607 1.312421989440918 5 0.5682399 0.7973521
15_306 0.02444944896533663 1.3267966906229656 6 0.80909 1.4517733
15_308 0.050634647722890946 1.2362680435180664 5 0.57201004 0.8454881
15_311 0.03328897300621669 1.2541999816894531 5 0.37357998 0.4729799
15_312 0.048390665637215946 1.1301649808883667 2 0.21644998 0.21644998
15_314 -0.0030773805088895045 1.0240299701690674 1 0.0 0.0
15_315 -0.025627360347648676 1.5093332926432292 3 0.57280004 0.68896675
15_319 -0.015240070075476453 1.4997900009155274 10 1.0422499 3.63006
15_320 -0.02151405643071591 1.4210625886917114 4 0.55174005 0.92699003
16_008 -0.009408934992757523 1.2997974157333374 4 0.7830399 1.0776447
16_010 0.013653668726579582 1.2792050043741863 6 0.8485999 1.4472599
16_011 0.012051639246575263 1.3274750709533691 12 0.97415996 4.0023704
16_012 -0.004217947180938708 1.0312399864196777 1 0.0 0.0
16_013 0.006824243816980768 1.0319499969482422 1 0.0 0.0
16_014 0.0037281229829044804 1.0203200578689575 1 0.0 0.0
16_017 -0.003068234172880935 1.1895116964975994 6 0.34186995 0.6901932
16_030 0.0053675374494766 1.3906500339508057 1 0.0 0.0
16_035 0.0006189277566264195 1.0538899898529053 2 0.0011799335 0.0011799335
16_037 -0.0018314095781164497 1.3124675750732422 4 0.7572299 0.9536451
16_039 -0.035118899367148515 1.2829499244689941 2 0.53118 0.53118
16_040 -0.005000429353639646 1.108780026435852 1 0.0 0.0
16_054 0.013564051346108386 1.5166867574055989 3 0.79199994 1.0127732
16_058 -0.02791275653412484 1.3328149318695068 2 0.3974899 0.3974899
16_060 -0.023441398578682993 1.0236899852752686 1 0.0 0.0
16_064 0.021131209587693434 1.007390022277832 1 0.0 0.0
16_065 0.0005935540648636106 1.5319987535476685 8 1.00072 2.8804126
16_066 -0.018647998465848303 1.4892233742607965 9 0.87624 3.3154864
16_067 -0.021131209587693434 1.3244249820709229 2 0.63961005 0.63961005
16_072 -0.004562805875982789 1.3034499883651733 1 0.0 0.0
16_073 -0.0023646856850749742 1.125770092010498 2 0.020820022 0.020820022
16_093 0.006067508283550183 1.5776900053024292 2 0.78564 0.78564
16_094 0.01661701582338182 1.5723133087158203 3 0.54556 0.6625867
16_095 0.019500373085380218 1.5133780479431151 10 0.98670006 3.6702201
16_100 0.0036793427148715807 1.5175083478291829 12 0.95908 4.4925804
16_101 0.008728212612981068 1.586524282182966 7 0.96133006 2.4359658
16_102 -0.00033245306030948996 1.5417499542236328 10 0.9706999 3.1972
16_108 -0.017133526584476755 1.4769333203633626 3 0.68085 0.87464666
16_115 0.007744471191092117 1.4349800109863282 5 1.01961 1.8587401
16_119 0.06690502789296993 1.3634899854660034 4 0.93244004 1.2659801
16_121 -0.02839224246602079 1.332763957977295 5 0.87529993 1.2046638
16_122 -0.03789373096349813 1.1030349731445312 2 0.047070026 0.047070026
16_123 -0.007126949032528529 1.2755025625228882 4 0.44457996 0.62727
16_124 -0.021155418993512143 1.0729600191116333 1 0.0 0.0
16_125 -0.0033800239177068647 1.0699399709701538 1 0.0 0.0
16_142 -0.0005138377871816147 1.3042726516723633 32 0.7587 5.3870015
16_144 0.014177981835389986 1.2210558255513508 12 0.66624 2.765433
16_146 0.05650192585861724 1.1233450174331665 2 0.18906999 0.18906999
16_148 -0.04006780151720157 1.2184983889261882 6 0.45879996 0.90325
16_149 0.006524649041711683 1.2468600273132324 6 0.5305201 1.0524001
16_150 -0.024107270868990227 1.1845219612121582 5 0.40323997 0.6437119
16_151 -0.038247022746423553 1.0913200378417969 1 0.0 0.0
16_154 0.10191529977131353 1.2216449975967407 2 0.14176989 0.14176989
16_155 0.10655288338106672 1.1145899295806885 2 0.118260026 0.118260026
16_157 0.015535334784029686 1.140951919555664 5 0.30305004 0.32779574
16_158 -0.02205998382574137 1.2997118343006482 11 0.68709993 2.6289215
16_163 -0.04083137813852389 1.1694300174713135 2 0.0020400286 0.0020400286
16_164 0.0005138377871816147 1.2728099822998047 1 0.0 0.0
16_171 0.010151413488969752 1.2312700748443604 2 0.12422001 0.12422001
16_172 -0.03209365610104342 1.241105079650879 2 0.17113006 0.17113006
16_173 -0.05727606497303839 1.2774200439453125 1 0.0 0.0
16_175 -0.011133819249703691 1.3463399410247803 1 0.0 0.0
16_179 0.30660990772467045 1.4078500270843506 2 0.041939974 0.041939974
16_186 -0.013168830368611495 1.2931807591364934 13 0.74608004 3.7882524
16_187 0.03380019492629138 1.4760849475860596 2 0.49282992 0.49282992
16_189 0.009753352667251747 1.314810037612915 1 0.0 0.0
16_216 0.02415044227287133 1.2229599952697754 1 0.0 0.0
16_220 0.02629576764795516 1.2185100317001343 1 0.0 0.0
16_224 0.03504379784552469 1.1955900192260742 2 0.12520003 0.12520003
16_225 -0.015119432688228684 1.2016199827194214 2 0.12922001 0.12922001
16_232 -0.015362916048896835 1.3004000186920166 1 0.0 0.0
16_241 -0.017043614584951072 1.4343899488449097 1 0.0 0.0
16_248 -0.013254152752542936 1.1369600296020508 1 0.0 0.0
16_249 0.028373585440769844 1.369070053100586 10 0.6882 2.49216
16_250 -0.02572102418883837 1.3426244523790147 9 0.79642 2.3040242
16_253 0.005270413717868294 1.1675299406051636 1 0.0 0.0
16_292 0.011696402273488005 1.0640900135040283 1 0.0 0.0
16_302 -0.0031569554608346095 1.3371508916219075 12 0.66397 2.7635498
16_303 0.01761754159659823 1.3547140121459962 10 0.76448 2.81114
16_304 0.070534328659976 1.3165911436080933 8 0.62810004 1.6589903
16_305 0.04295070814221802 1.2889399528503418 12 0.74863005 2.9244199
16_307 0.010683389803968879 1.1138200759887695 2 0.016579986 0.016579986
16_311 -0.015888664887627968 1.3102337763859675 13 0.70094 2.6252937
16_312 -0.0056518153374653934 1.279514486139471 11 0.61752 2.1946235
16_317 0.024010110317062683 1.4223250150680542 4 0.6903 1.1407
16_318 -0.021198341795876985 1.3838380813598632 5 0.63509 1.3545481
16_319 -0.010683389803968879 1.3539323806762695 4 0.6496501 0.8113549
16_331 -0.013906541204562473 1.362378978729248 10 0.72793007 2.32469
16_332 -0.020242497590563957 1.3600130081176758 7 0.69293 1.771697
16_333 -0.016833056114117895 1.4216059684753417 5 0.64365995 0.964864
17_008 -0.012691249708447927 1.1936900615692139 2 0.11042011 0.11042011
17_009 0.09766852965978323 1.218993345896403 3 0.40830994 0.43582666
17_023 -0.09766852965978323 1.2513118223710493 11 0.67436993 2.2340584
17_025 -0.03524615015333943 1.1223000288009644 1 0.0 0.0
17_027 0.014139078798738325 1.447732789175851 7 0.68066 1.7352315
17_028 0.013858671037795034 1.4063607851664226 12 0.6986201 3.0260887
17_029 0.010956671712875732 1.2547850608825684 4 0.47448003 0.52266
17_030 0.000161895640550469 1.3653276883638823 13 0.7264 3.4825926
17_033 -0.001263806672703538 1.6292500495910645 1 0.0 0.0
17_053 -0.05522822257541016 1.154829978942871 1 0.0 0.0
17_054 0.0006266769277338824 1.4914799928665161 1 0.0 0.0
17_085 0.009226840816797477 1.4034971509660994 7 0.66428006 1.9162229
17_086 0.030506608547494096 1.3596530914306642 10 0.68433 2.42699
17_087 0.047818560956550016 1.2625099817911785 3 0.36389005 0.3906201
17_092 0.010426420731503683 1.2160431788517878 13 0.61908007 2.1696296
17_093 0.012693401975225171 1.450852394104004 8 0.54446995 1.6209552
17_098 -0.018641766023392847 1.3421399593353271 4 0.6484599 1.2445799
17_099 -0.009226840816797477 1.2407100200653076 4 0.65154004 0.8872601
17_100 -0.026320132757408743 1.3611350059509277 2 0.54661 0.54661
17_109 -0.007668191291035242 1.0945899486541748 1 0.0 0.0
17_113 0.00655057242054724 1.221897029876709 10 0.69452 1.788198
17_114 -0.00655057242054724 1.385353946685791 10 0.5826199 2.2828197
17_124 -0.013285635554286301 1.0897599856058757 3 0.11866999 0.15770006
17_125 0.0496805096745323 1.1307475566864014 4 0.22565997 0.24201
17_126 -0.018323869111840807 1.3112850189208984 2 0.6196101 0.6196101
17_133 5.546083938412494e-05 1.2301733493804932 3 0.24982 0.3104334
17_134 -5.546083938412494e-05 1.1619900465011597 4 0.23940992 0.3752799
17_146 -0.002398097305434277 1.1644699573516846 1 0.0 0.0
17_149 0.004150943431792342 1.1349799633026123 1 0.0 0.0
18_078 0.1095254206030809 1.3287338018417358 8 0.74407005 2.0209177
18_113 -0.078503834671098 1.117026646931966 3 0.013870001 0.01807332
18_115 -0.02216952463080979 1.2601499557495117 2 0.42975998 0.42975998
18_131 0.09577025981027276 1.005620002746582 1 0.0 0.0
18_132 -0.017266425139174757 1.0067399740219116 1 0.0 0.0
18_134 0.007158536764944046 1.4045839309692383 5 0.65073 1.280356
18_135 0.01790014693112063 1.0020699501037598 1 0.0 0.0
18_138 -0.020585715110120972 1.4690933227539062 3 0.80189 0.9347267
18_139 0.01342717834517515 1.2928680419921874 5 0.60931003 0.87582815
