PTF11bnb          0.03000  0.00500  0.04160  0.00050 -0.01160
SNF20080812-003   0.05200  0.00600  0.06170  0.00050 -0.00970
SNF20080918-004   0.05100  0.00500  0.05740  0.00250 -0.00640
PTF10qyz          0.06500  0.00500  0.06830  0.00250 -0.00330
PTF13asv          0.03400  0.00500  0.03660  0.00250 -0.00260
PTF11mkx          0.05482  0.00100  0.05660  0.00050 -0.00178
LSQ13bbz          0.06000  0.02000  0.06120  0.00050 -0.00120
PTF10ops          0.06000  0.01000  0.06120  0.00250 -0.00120
SNF20080905-005   0.05790  0.00500  0.05880  0.00250 -0.00090
SN2005ak          0.02671  0.00181  0.02744  0.00006 -0.00073
SN2006bk          0.04884  0.00239  0.04953  0.00113 -0.00069
SN2007bd          0.03044  0.00003  0.03102  0.00022 -0.00058
SN2007ba          0.03805  0.00200  0.03851  0.00009 -0.00046
SN2005cg          0.03140  0.00004  0.03176  0.00001 -0.00036
SN2005cc          0.00726  0.00000  0.00757  0.00001 -0.00031
SNF20060521-001   0.06667  0.00159  0.06698  0.00021 -0.00031
SNF20060908-004   0.05000  0.00500  0.05030  0.00250 -0.00030
SN2005bg          0.02282  0.00001  0.02309  0.00013 -0.00026
SNF20070912-000   0.12278  0.00003  0.12304  0.00101 -0.00026
SN2004dt          0.01950  0.00002  0.01973  0.00003 -0.00023
SN2005L           0.07045  0.00001  0.07066  0.00016 -0.00021
SN2006cj          0.06732  0.00001  0.06752  0.00099 -0.00020
SNF20080514-002   0.02188  0.00001  0.02206  0.00008 -0.00019
SN2005bl          0.02388  0.00001  0.02406  0.00008 -0.00018
SNF20080614-010   0.07433  0.00123  0.07451  0.00017 -0.00018
SN2004ef          0.03083  0.00160  0.03098  0.00002 -0.00015
PTF09dnp          0.03717  0.00019  0.03730  0.00019 -0.00013
PTF10qjq          0.02811  0.00000  0.02813  0.00001 -0.00002
SNF20061107-027   0.05923  0.00001  0.05933  0.00017 -0.00009
SNF20070331-014   0.06706  0.00001  0.06715  0.00016 -0.00009
SN2005ir          0.07630  0.00001  0.07636  0.00010 -0.00007
SNF20070427-001   0.07660  0.00002  0.07668  0.00014 -0.00007
SNF20070902-021   0.07511  0.00002  0.07517  0.00079 -0.00007
SNF20080516-022   0.07436  0.00001  0.07443  0.00010 -0.00007
SNF20080610-000   0.07819  0.00227  0.07825  0.00017 -0.00006
SN2004gs          0.02741  0.00003  0.02743  0.00017 -0.00002
SNF20070403-001   0.08035  0.00002  0.08036  0.00015 -0.00001
SNF20080914-001   0.02363  0.00001  0.02361  0.00003  0.00002
SN2005el          0.01494  0.00000  0.01491  0.00002  0.00003
SN2006ob          0.05921  0.00003  0.05918  0.00018  0.00003
SNF20080323-009   0.08334  0.00001  0.08330  0.00016  0.00004
SN2007bc          0.02083  0.00001  0.02077  0.00011  0.00006
SNF20051003-004   0.03455  0.00001  0.03449  0.00060  0.00006
PTF12gqh          0.05500  0.00700  0.05490  0.00050  0.00010
SN2007kk          0.04117  0.00002  0.04104  0.00010  0.00013
SN2006ac          0.02328  0.00000  0.02311  0.00004  0.00017
SNF20060514-003   0.08800  0.00500  0.08780  0.00250  0.00020
SN2007qe          0.02397  0.00004  0.02371  0.00073  0.00025
SN2005ki          0.01951  0.00005  0.01921  0.00002  0.00030
SN2009hs          0.02779  0.00004  0.02746  0.00008  0.00033
LSQ12hvj          0.07217  0.00050  0.07130  0.00050  0.00087
PTF11ppn          0.07000  0.00500  0.06690  0.00050  0.00310
SNF20070822-004   0.08900  0.00200  0.08580  0.00050  0.00320
LSQ12hzj          0.03700  0.01000  0.03330  0.00050  0.00370
LSQ12eks          0.09400  0.00500  0.08950  0.00050  0.00450
