name              dmb     dmb_err   zcmb      c       c_err   x1      x1_err   lmass   lmass_up   lmass_low   lsfr    lsfr_up   lsfr_low   lssfr   lssfr_up   lssfr_low   gmass   gmass_up   gmass_low   p_young   p_highmass   notes
SNF20050624-000   -0.23   0.13      0.0671    -0.07   0.03    +0.20   0.55     7.33    +0.38      -0.51       -4.74   +0.50     -0.60      -12.0   +0.7       -0.7        10.73   +0.10      -0.10       4.        100.         --
SNF20050728-000   -0.19   0.13      0.0419    -0.03   0.03    +0.77   0.24     8.00    +0.11      -0.11       -2.39   +0.01     -0.01      -10.4   +0.1       -0.1        8.53    +0.10      -0.10       100       0            --
SNF20050728-006   -0.03   0.12      0.0581    +0.09   0.03    +0.19   0.24     7.83    +0.21      -0.22       -3.14   +0.06     -0.06      -11.0   +0.2       -0.2        10.00   +0.10      -0.10       25        50           --
SNF20050821-007   -0.06   0.13      0.0582    -0.05   0.03    +0.11   0.32     7.84    +0.14      -0.14       -2.46   +0.02     -0.02      -10.3   +0.1       -0.1        8.92    +0.10      -0.10       99        0            --
SNF20050829-003   +0.22   0.14      0.0440    +0.03   0.04    -1.44   0.37     7.61    +0.21      -0.20       -3.07   +0.06     -0.06      -10.7   +0.2       -0.2        9.90    +0.10      -0.10       72        14           --
SNF20050927-005   +0.25   0.13      0.0396    +0.02   0.03    +0.67   0.28     8.50    +0.10      -0.10       -1.75   +0.01     -0.01      -10.2   +0.1       -0.1        9.42    +0.10      -0.10       100       0            --
SNF20051003-004   +0.05   0.13      0.0337    -0.09   0.03    +1.06   0.15     8.65    +0.10      -0.10       -1.88   +0.01     -0.01      -10.5   +0.1       -0.1        9.14    +0.10      -0.10       99        0            --
SNF20060511-014   -0.07   0.14      0.0467    -0.03   0.03    -0.65   0.17     7.55    +0.25      -0.27       -3.20   +0.10     -0.13      -10.8   +0.3       -0.3        10.20   +0.10      -0.10       59        97           --
SNF20060512-001   -0.06   0.13      0.0389    +0.02   0.03    +0.71   0.13     8.73    +0.10      -0.10       -1.68   +0.01     -0.01      -10.4   +0.1       -0.1        9.32    +0.10      -0.10       100       0            --
SNF20060512-002   -0.45   0.12      0.0509    +0.05   0.03    -0.92   0.19     9.80    +0.10      -0.10       -2.00   +0.01     -0.01      -11.8   +0.1       -0.1        10.72   +0.10      -0.10       0         100          --
SNF20060521-001   -0.03   0.13      0.0679    -0.05   0.03    -1.15   0.23     9.22    +0.10      -0.10       -4.14   +0.44     -0.77      -13.4   +0.5       -0.7        9.88    +0.10      -0.10       0         10           --
SNF20060521-008   -0.27   0.14      0.0562    +0.09   0.03    -1.36   0.20     7.41    +0.25      -0.27       -3.49   +0.13     -0.22      -10.9   +0.3       -0.4        11.05   +0.10      -0.10       37        100          --
SNF20060526-003   +0.01   0.12      0.0788    -0.03   0.03    +0.30   0.14     7.29    +0.33      -0.42       -3.08   +0.07     -0.09      -10.4   +0.4       -0.3        10.52   +0.10      -0.10       90        100          --
SNF20060530-003   -0.04   0.12      0.0572    -0.05   0.03    +1.06   0.16     7.96    +0.13      -0.12       -2.28   +0.01     -0.01      -10.2   +0.1       -0.1        10.14   +0.10      -0.10       100       91           --
SNF20060609-002   -0.07   0.13      0.0399    +0.20   0.03    +0.06   0.13     9.05    +0.10      -0.10       -1.74   +0.01     -0.01      -10.8   +0.1       -0.1        10.47   +0.10      -0.10       59        100          --
SNF20060618-014   +0.04   0.12      0.0645    -0.02   0.03    +0.97   0.16     8.04    +0.13      -0.12       -2.47   +0.02     -0.02      -10.5   +0.1       -0.1        8.79    +0.11      -0.10       99        0            --
SNF20060621-012   +0.29   0.12      0.0618    -0.10   0.03    -1.03   0.18     8.35    +0.12      -0.11       -2.39   +0.01     -0.01      -10.7   +0.1       -0.1        9.19    +0.10      -0.10       77        0            --
SNF20060621-015   -0.02   0.12      0.0544    -0.09   0.03    +0.51   0.20     7.58    +0.13      -0.13       -2.12   +0.01     -0.01      -9.7    +0.1       -0.1        9.22    +0.10      -0.10       100       0            --
SNF20060624-019   -0.24   0.12      0.0741    +0.43   0.03    +0.88   0.19     8.58    +0.12      -0.11       -2.31   +0.02     -0.02      -10.9   +0.1       -0.1        10.27   +0.10      -0.10       27        99           --
SNF20060907-000   +0.12   0.12      0.0564    -0.13   0.03    +0.08   0.16     9.12    +0.10      -0.10       -1.37   +0.01     -0.01      -10.5   +0.1       -0.1        9.64    +0.10      -0.10       99        0            --
SNF20060912-000   -0.28   0.12      0.0723    +0.10   0.03    +0.27   0.20     8.09    +0.13      -0.14       -2.26   +0.01     -0.01      -10.3   +0.1       -0.1        10.69   +0.10      -0.10       99        100          --
SNF20060912-004   -0.04   0.12      0.0769    -0.04   0.03    +0.21   0.37     7.85    +0.16      -0.17       -2.84   +0.04     -0.04      -10.7   +0.2       -0.2        10.79   +0.10      -0.10       77        100          --
SNF20060916-002   +0.15   0.13      0.0716    -0.06   0.03    +1.49   0.25     7.82    +0.15      -0.14       -2.93   +0.03     -0.03      -10.8   +0.1       -0.1        8.95    +0.10      -0.10       67        0            --
SNF20061011-005   +0.06   0.16      0.0226    -0.14   0.03    +0.72   0.21     7.69    +0.10      -0.10       -2.62   +0.01     -0.01      -10.3   +0.1       -0.1        8.61    +0.10      -0.10       100       0            --
SNF20061020-000   -0.05   0.13      0.0379    +0.00   0.03    -1.74   0.17     8.45    +0.10      -0.10       -4.63   +0.33     -0.49      -13.1   +0.3       -0.5        10.19   +0.10      -0.10       0         97           --
SNF20061021-003   -0.06   0.12      0.0615    +0.05   0.03    +0.27   0.17     8.42    +0.12      -0.12       -3.56   +0.14     -0.22      -12.0   +0.2       -0.2        11.07   +0.10      -0.10       0         100          --
SNF20061022-005   -0.09   0.12      0.0779    +0.06   0.03    +1.15   0.29     8.74    +0.11      -0.12       -2.21   +0.01     -0.01      -10.9   +0.1       -0.1        10.35   +0.10      -0.10       12        100          --
SNF20061022-014   -0.29   0.14      0.0398    +0.56   0.03    -2.18   0.33     8.98    +0.10      -0.10       -2.42   +0.01     -0.01      -11.4   +0.1       -0.1        10.67   +0.10      -0.10       0         100          --
SNF20061024-000   +0.17   0.12      0.0559    -0.03   0.03    -0.90   0.12     8.20    +0.13      -0.13       -3.58   +0.15     -0.25      -11.8   +0.2       -0.3        10.63   +0.10      -0.10       0         100          --
SNF20061030-010   +0.03   0.14      0.0278    +0.13   0.03    +0.26   0.21     8.77    +0.10      -0.10       -1.60   +0.01     -0.01      -10.4   +0.1       -0.1        9.50    +0.10      -0.10       100       0            --
SNF20061111-002   +0.06   0.12      0.0677    -0.01   0.03    +0.37   0.20     7.35    +0.32      -0.42       -2.51   +0.02     -0.02      -9.8    +0.4       -0.3        8.87    +0.10      -0.11       99        0            --
SNF20070330-024   -0.23   0.12      0.0417    -0.09   0.03    +0.46   0.18     8.82    +0.10      -0.10       -2.75   +0.03     -0.04      -11.6   +0.1       -0.1        11.02   +0.10      -0.10       0         100          --
SNF20070331-014   -0.04   0.12      0.0680    -0.00   0.03    -0.66   0.16     7.08    +0.34      -0.41       -3.79   +0.30     -0.50      -10.9   +0.5       -0.6        11.10   +0.10      -0.10       43        100          --
SNF20070403-000   +0.13   0.13      0.0499    +0.08   0.03    -2.12   0.17     8.01    +0.12      -0.12       -2.96   +0.04     -0.05      -11.0   +0.1       -0.1        9.92    +0.10      -0.10       11        19           --
SNF20070424-003   +0.15   0.12      0.0682    -0.03   0.03    +0.35   0.10     7.45    +0.21      -0.22       -3.11   +0.06     -0.07      -10.6   +0.2       -0.2        9.47    +0.10      -0.10       88        0            --
SNF20070427-001   -0.03   0.12      0.0777    -0.12   0.03    +0.69   0.19     7.70    +0.20      -0.20       -4.00   +0.36     -0.59      -11.7   +0.4       -0.6        10.54   +0.10      -0.10       0         100          --
SNF20070429-000   -0.09   0.12      0.0671    -0.04   0.03    -0.87   0.10     7.91    +0.12      -0.11       -2.52   +0.02     -0.02      -10.4   +0.1       -0.1        10.13   +0.10      -0.10       99        90           --
SNF20070506-006   -0.11   0.13      0.0355    -0.04   0.03    +1.19   0.10     7.47    +0.11      -0.12       -2.69   +0.01     -0.01      -10.2   +0.1       -0.1        9.88    +0.10      -0.10       100       11           --
SNF20070531-011   -0.03   0.13      0.0359    -0.06   0.03    -1.60   0.20     8.55    +0.10      -0.10       -2.63   +0.02     -0.02      -11.2   +0.1       -0.1        10.83   +0.10      -0.10       0         100          --
SNF20070630-006   +0.03   0.12      0.0706    -0.04   0.03    +0.38   0.11     7.86    +0.15      -0.15       -2.66   +0.03     -0.03      -10.5   +0.1       -0.1        9.66    +0.10      -0.10       97        0            --
SNF20070701-005   -0.33   0.12      0.0684    +0.01   0.03    +0.07   0.16     8.42    +0.12      -0.11       -2.71   +0.03     -0.03      -11.1   +0.1       -0.1        10.76   +0.10      -0.10       0         100          --
SNF20070712-000   +0.02   0.14      0.0298    -0.02   0.03    -0.03   0.16     8.02    +0.10      -0.10       -2.34   +0.01     -0.01      -10.4   +0.1       -0.1        9.95    +0.10      -0.10       100       29           --
SNF20070712-003   +0.00   0.12      0.0738    -0.03   0.03    +0.59   0.18     7.67    +0.18      -0.18       -3.71   +0.23     -0.42      -11.4   +0.3       -0.5        8.09    +0.14      -0.14       1         0            --
SNF20070714-007   -0.16   0.12      0.0417    +0.25   0.03    -1.17   0.11     8.24    +0.10      -0.10       -2.57   +0.02     -0.02      -10.8   +0.1       -0.1        10.43   +0.10      -0.10       54        100          --
SNF20070725-001   +0.09   0.12      0.0669    -0.11   0.03    +0.71   0.15     7.19    +0.30      -0.34       -2.81   +0.04     -0.05      -10.0   +0.3       -0.3        9.13    +0.10      -0.10       99        0            --
SNF20070727-016   -0.28   0.13      0.0661    -0.08   0.03    +0.28   0.11     7.58    +0.23      -0.24       -4.28   +0.47     -0.60      -11.9   +0.5       -0.7        10.75   +0.10      -0.10       1         100          --
SNF20070802-000   -0.05   0.12      0.0648    +0.06   0.03    +0.06   0.15     7.78    +0.19      -0.20       -4.24   +0.49     -0.62      -12.0   +0.5       -0.7        11.30   +0.10      -0.10       0         100          --
SNF20070806-026   +0.08   0.13      0.0440    -0.09   0.03    -1.72   0.14     7.74    +0.17      -0.17       -4.32   +0.35     -0.54      -12.1   +0.4       -0.6        10.81   +0.10      -0.10       0         100          --
SNF20070818-001   -0.13   0.12      0.0734    +0.05   0.03    +0.18   0.16     7.66    +0.25      -0.26       -3.24   +0.12     -0.17      -10.9   +0.3       -0.3        10.27   +0.10      -0.10       36        99           --
SNF20070820-000   +0.00   0.12      0.0687    +0.08   0.03    -0.31   0.13     8.59    +0.10      -0.11       -2.01   +0.01     -0.01      -10.6   +0.1       -0.1        10.16   +0.10      -0.10       98        94           --
SNF20070831-015   +0.11   0.12      0.0674    -0.02   0.03    +1.93   0.18     8.60    +0.10      -0.11       -2.04   +0.01     -0.01      -10.6   +0.1       -0.1        10.07   +0.10      -0.10       95        75           --
SNF20070902-018   +0.07   0.12      0.0680    +0.04   0.03    -0.69   0.09     8.62    +0.11      -0.11       -2.27   +0.01     -0.01      -10.9   +0.1       -0.1        10.34   +0.10      -0.10       26        99           --
SNF20070902-021   -0.11   0.12      0.0740    +0.01   0.03    -0.16   0.10     8.14    +0.17      -0.18       -2.24   +0.01     -0.01      -10.4   +0.2       -0.2        9.53    +0.10      -0.10       99        0            --
SNF20071003-004   +0.13   0.13      0.0762    -0.03   0.03    +1.19   0.34     7.48    +0.24      -0.25       -3.27   +0.09     -0.12      -10.8   +0.3       -0.3        9.17    +0.10      -0.11       59        0            --
SNF20071003-016   +0.11   0.12      0.0547    +0.09   0.03    -0.09   0.14     8.52    +0.11      -0.11       -2.39   +0.02     -0.02      -10.9   +0.1       -0.1        8.95    +0.10      -0.10       22        0            --
SNF20071015-000   +0.25   0.13      0.0374    +0.33   0.03    +1.03   0.27     8.36    +0.10      -0.10       -2.28   +0.01     -0.01      -10.6   +0.1       -0.1        10.68   +0.10      -0.10       96        100          --
SNF20071021-000   -0.02   0.14      0.0264    +0.04   0.03    -0.56   0.17     7.80    +0.11      -0.11       -2.51   +0.01     -0.01      -10.3   +0.1       -0.1        9.68    +0.10      -0.10       100       0            --
SNF20071108-021   -0.18   0.12      0.0741    -0.02   0.03    +0.95   0.17     7.77    +0.17      -0.17       -3.30   +0.07     -0.08      -11.1   +0.2       -0.2        9.12    +0.11      -0.10       8         0            --
SNF20080507-000   -0.17   0.12      0.0540    +0.06   0.03    +0.90   0.22     8.90    +0.10      -0.10       -1.94   +0.01     -0.01      -10.8   +0.1       -0.1        10.12   +0.10      -0.10       42        88           --
SNF20080510-001   +0.07   0.12      0.0725    -0.06   0.03    +0.46   0.18     7.25    +0.31      -0.36       -3.59   +0.21     -0.31      -10.9   +0.5       -0.4        8.54    +0.65      -0.55       45        0            --
SNF20080512-008   -0.07   0.12      0.0774    -0.04   0.03    +0.91   0.15     7.17    +0.32      -0.41       -3.45   +0.14     -0.25      -10.7   +0.5       -0.4        7.97    +0.20      -0.22       65        0            --
SNF20080512-010   -0.09   0.14      0.0632    -0.02   0.03    -1.40   0.26     8.91    +0.11      -0.10       -4.07   +0.34     -0.53      -13.0   +0.3       -0.5        11.71   +0.10      -0.10       0         100          --
SNF20080514-002   +0.17   0.15      0.0229    -0.12   0.03    -1.64   0.10     8.64    +0.10      -0.10       -3.54   +0.07     -0.07      -12.2   +0.1       -0.1        10.69   +0.10      -0.10       0         100          --
SNF20080516-000   +0.04   0.12      0.0733    -0.04   0.03    +1.33   0.21     7.69    +0.16      -0.16       -2.85   +0.04     -0.04      -10.5   +0.2       -0.2        8.78    +0.12      -0.12       95        0            --
SNF20080516-022   +0.04   0.12      0.0746    -0.07   0.03    +0.15   0.13     7.32    +0.30      -0.37       -3.67   +0.16     -0.27      -11.0   +0.4       -0.4        10.62   +0.10      -0.10       31        100          --
SNF20080522-011   -0.06   0.13      0.0383    -0.08   0.03    +0.83   0.17     8.09    +0.10      -0.10       -2.15   +0.01     -0.01      -10.2   +0.1       -0.1        8.62    +0.10      -0.10       100       0            --
SNF20080531-000   +0.05   0.13      0.0368    -0.04   0.03    -0.51   0.17     7.85    +0.10      -0.11       -2.12   +0.01     -0.01      -10.0   +0.1       -0.1        10.00   +0.10      -0.10       100       48           --
SNF20080610-000   +0.09   0.13      0.0788    -0.01   0.03    +0.13   0.16     7.68    +0.20      -0.19       -3.28   +0.11     -0.14      -11.0   +0.2       -0.2        8.91    +0.11      -0.11       25        0            --
SNF20080612-003   -0.24   0.13      0.0328    -0.03   0.03    +0.73   0.17     8.52    +0.10      -0.11       -2.64   +0.01     -0.01      -11.2   +0.1       -0.1        9.91    +0.10      -0.10       0         19           --
SNF20080614-010   -0.15   0.13      0.0751    +0.00   0.03    -2.33   0.14     8.14    +0.15      -0.15       -4.02   +0.32     -0.52      -12.2   +0.4       -0.5        10.56   +0.10      -0.10       0         100          --
SNF20080620-000   +0.07   0.13      0.0332    +0.01   0.03    -0.90   0.14     8.54    +0.10      -0.10       -1.99   +0.01     -0.01      -10.5   +0.1       -0.1        8.98    +0.10      -0.10       99        0            --
SNF20080623-001   +0.20   0.12      0.0448    -0.07   0.03    +0.00   0.12     7.09    +0.32      -0.39       -3.30   +0.08     -0.09      -10.4   +0.4       -0.4        8.81    +0.10      -0.10       90        0            --
SNF20080717-000   -0.03   0.12      0.0586    +0.18   0.03    +0.62   0.12     8.88    +0.10      -0.10       -1.96   +0.01     -0.01      -10.8   +0.1       -0.1        10.38   +0.10      -0.10       41        100          --
SNF20080725-004   +0.07   0.12      0.0539    -0.00   0.03    +0.59   0.12     8.56    +0.10      -0.10       -1.93   +0.01     -0.01      -10.5   +0.1       -0.1        9.83    +0.10      -0.10       99        4            --
SNF20080731-000   -0.16   0.13      0.0755    +0.07   0.03    -1.31   0.11     8.22    +0.17      -0.18       -3.64   +0.25     -0.45      -11.9   +0.3       -0.5        9.99    +0.10      -0.10       0         47           --
SNF20080802-006   -0.07   0.13      0.0711    -0.00   0.03    -1.66   0.11     8.02    +0.17      -0.17       -3.84   +0.28     -0.48      -11.9   +0.3       -0.5        10.69   +0.10      -0.10       0         100          --
SNF20080803-000   -0.03   0.12      0.0568    +0.11   0.03    +0.37   0.13     8.31    +0.11      -0.11       -2.94   +0.04     -0.05      -11.2   +0.1       -0.1        10.66   +0.10      -0.10       0         100          --
SNF20080806-002   -0.07   0.12      0.0610    +0.04   0.03    +0.75   0.15     8.72    +0.10      -0.11       -1.92   +0.01     -0.01      -10.6   +0.1       -0.1        10.36   +0.10      -0.10       95        100          --
SNF20080810-001   +0.02   0.12      0.0424    -0.02   0.03    -0.90   0.10     7.50    +0.20      -0.21       -4.05   +0.29     -0.50      -11.6   +0.4       -0.5        10.51   +0.11      -0.10       1         100          --
SNF20080815-017   +0.02   0.14      0.0637    -0.02   0.03    -1.82   0.16     8.41    +0.12      -0.13       -4.11   +0.37     -0.61      -12.5   +0.4       -0.6        11.12   +0.10      -0.10       0         100          --
SNF20080821-000   -0.12   0.12      0.0737    +0.02   0.03    +0.52   0.17     8.76    +0.10      -0.10       -2.12   +0.01     -0.01      -10.9   +0.1       -0.1        10.53   +0.10      -0.10       28        100          --
SNF20080822-005   -0.19   0.12      0.0696    -0.03   0.03    +0.71   0.23     8.22    +0.13      -0.13       -2.69   +0.03     -0.03      -10.9   +0.1       -0.1        10.92   +0.10      -0.09       24        100          --
SNF20080825-010   -0.22   0.13      0.0401    -0.03   0.03    -0.81   0.17     8.51    +0.11      -0.11       -3.95   +0.24     -0.41      -12.5   +0.3       -0.4        10.92   +0.10      -0.10       0         100          --
SNF20080908-000   +0.02   0.12      0.0514    -0.10   0.03    +0.18   0.20     7.46    +0.17      -0.17       -2.69   +0.02     -0.02      -10.2   +0.2       -0.2        8.41    +0.11      -0.11       100       0            --
SNF20080909-030   -0.04   0.13      0.0301    +0.01   0.03    +1.20   0.13     6.90    +0.16      -0.17       -2.71   +0.02     -0.02      -9.6    +0.2       -0.2        9.23    +0.10      -0.10       100       0            --
SNF20080913-031   -0.08   0.14      0.0543    +0.01   0.03    +0.06   0.19     7.36    +0.26      -0.27       -4.02   +0.29     -0.49      -11.4   +0.4       -0.5        10.52   +0.10      -0.10       8         100          --
SNF20080914-001   -0.08   0.15      0.0235    +0.13   0.03    -0.07   0.14     8.47    +0.10      -0.10       -2.69   +0.01     -0.01      -11.2   +0.1       -0.1        10.00   +0.10      -0.10       0         51           --
SNF20080918-000   +0.10   0.12      0.0653    +0.12   0.03    +1.38   0.24     7.80    +0.14      -0.15       -2.76   +0.02     -0.02      -10.6   +0.1       -0.1        10.22   +0.10      -0.10       95        98           --
SNF20080919-001   -0.33   0.13      0.0411    -0.00   0.03    +0.84   0.16     8.09    +0.16      -0.15       -2.86   +0.03     -0.03      -10.9   +0.1       -0.2        8.30    +0.12      -0.12       20        0            --
SNF20080919-002   +0.13   0.12      0.0548    +0.05   0.03    -1.59   0.13     7.89    +0.13      -0.13       -2.73   +0.02     -0.02      -10.6   +0.1       -0.1        9.95    +0.10      -0.10       93        32           --
SNF20080920-000   -0.06   0.13      0.0395    -0.01   0.03    +1.01   0.23     8.31    +0.10      -0.10       -2.21   +0.01     -0.01      -10.5   +0.1       -0.1        9.65    +0.10      -0.10       99        0            --
SNF20080926-009   -0.19   0.12      0.0713    -0.01   0.03    +0.22   0.10     7.46    +0.32      -0.38       -4.19   +0.36     -0.62      -11.7   +0.5       -0.7        9.14    +0.10      -0.11       6         0            --
CSS120424_01     +0.09   0.13      0.0372    -0.07   0.03    +0.85   0.17     6.96    +0.22      -0.24       -3.61   +0.10     -0.12      -10.6   +0.3       -0.2        10.18   +0.10      -0.10       82        95           1
CSS130502_01     +0.18   0.13      0.0338    -0.10   0.03    +0.02   0.23     7.15    +0.22      -0.22       -3.30   +0.07     -0.08      -10.4   +0.2       -0.2        9.17    +0.10      -0.10       94        0            1
LSQ12ekl          +0.03   0.12      0.0752*   -0.01   0.03    -0.37   0.13     7.57    +0.22      -0.22       -2.17   +0.01     -0.01      -9.8    +0.2       -0.2        9.57    +0.10      -0.10       100       0            --
LSQ12fmx          +0.05   0.13      0.0668    -0.04   0.03    -1.30   0.19     7.14    +0.33      -0.42       -3.29   +0.16     -0.24      -10.4   +0.5       -0.4        10.27   +0.10      -0.10       81        99           --
LSQ13vy           +0.01   0.13      0.0426*   +0.04   0.03    -1.25   0.11     7.83    +0.12      -0.12       -2.88   +0.03     -0.03      -10.7   +0.1       -0.1        10.43   +0.10      -0.10       79        100          --
PTF09dlc          +0.02   0.12      0.0661    -0.06   0.03    +0.11   0.11     7.27    +0.18      -0.20       -3.04   +0.05     -0.05      -10.3   +0.2       -0.2        8.74    +0.11      -0.11       99        0            2
PTF09dnl          -0.14   0.15      0.0232    +0.04   0.03    +0.69   0.10     7.62    +0.11      -0.11       -2.87   +0.01     -0.01      -10.5   +0.1       -0.1        7.93    +0.11      -0.11       99        0            2
PTF09dnp          -0.19   0.13      0.0374    -0.04   0.03    -0.84   0.24     7.57    +0.15      -0.15       -4.62   +0.38     -0.57      -12.2   +0.4       -0.6        10.71   +0.10      -0.10       0         100          2
PTF09foz          -0.17   0.12      0.0533    -0.02   0.03    -1.24   0.25     8.70    +0.10      -0.10       -4.60   +0.41     -0.53      -13.3   +0.4       -0.5        10.54   +0.10      -0.10       0         100          2
PTF10hmv          +0.35   0.13      0.0322    +0.12   0.03    +1.35   0.14     7.96    +0.11      -0.11       -2.65   +0.02     -0.02      -10.6   +0.1       -0.1        8.28    +0.10      -0.10       97        0            3
PTF10mwb          +0.13   0.15      0.0312    -0.03   0.03    -0.69   0.10     7.98    +0.11      -0.10       -3.10   +0.03     -0.03      -11.1   +0.1       -0.1        9.01    +0.10      -0.10       1         0            2
PTF10qjl          +0.11   0.12      0.0576    -0.06   0.03    +1.27   0.14     7.51    +0.14      -0.14       -2.06   +0.01     -0.01      -9.6    +0.1       -0.1        8.81    +0.10      -0.10       100       0            2
PTF10qjq          -0.09   0.14      0.0280    +0.03   0.03    -0.30   0.10     8.97    +0.10      -0.10       -1.21   +0.01     -0.01      -10.2   +0.1       -0.1        9.75    +0.10      -0.10       100       0            2
PTF10tce          -0.00   0.12      0.0397    +0.01   0.03    +0.47   0.12     7.68    +0.15      -0.15       -3.81   +0.33     -0.55      -11.5   +0.3       -0.6        10.16   +0.10      -0.10       1         94           3
PTF10wnm          +0.02   0.12      0.0648*   -0.02   0.03    +0.66   0.15     8.17    +0.11      -0.11       -2.53   +0.03     -0.03      -10.7   +0.1       -0.1        10.22   +0.10      -0.10       83        98           2
PTF10wof          +0.12   0.12      0.0513    +0.00   0.03    +0.17   0.12     7.82    +0.12      -0.13       -2.87   +0.05     -0.05      -10.7   +0.1       -0.1        9.69    +0.10      -0.10       83        0            2
PTF10xyt          +0.37   0.13      0.0476*   +0.11   0.03    -0.11   0.20     8.74    +0.10      -0.10       -1.84   +0.01     -0.01      -10.6   +0.1       -0.1        9.26    +0.10      -0.10       99        0            3
PTF10zdk          +0.09   0.13      0.0317*   +0.07   0.03    +0.22   0.16     8.38    +0.10      -0.10       -2.09   +0.01     -0.01      -10.5   +0.1       -0.1        9.29    +0.10      -0.10       99        0            2
PTF11bnx          +0.18   0.12      0.0553    +0.07   0.03    -0.06   0.17     7.56    +0.12      -0.12       -1.86   +0.01     -0.01      -9.4    +0.1       -0.1        9.50    +0.10      -0.10       100       0            6
PTF11cao          +0.04   0.13      0.0402    +0.05   0.03    +0.23   0.13     7.85    +0.11      -0.11       -2.69   +0.03     -0.03      -10.6   +0.1       -0.1        9.62    +0.10      -0.10       99        0            6
PTF11mty          +0.02   0.12      0.0755*   -0.06   0.03    +0.83   0.15     9.12    +0.10      -0.10       -0.89   +0.01     -0.01      -10.0   +0.1       -0.1        9.81    +0.10      -0.10       100       3            6
PTF11pbp          -0.11   0.14      0.0277    +0.02   0.03    +0.09   0.13     8.05    +0.11      -0.11       -3.10   +0.03     -0.03      -11.2   +0.1       -0.1        10.83   +0.09      -0.10       0         100          5
PTF12dxm          -0.03   0.12      0.0638    +0.04   0.03    -2.21   0.18     7.85    +0.18      -0.22       -3.95   +0.26     -0.44      -11.8   +0.3       -0.5        11.19   +0.10      -0.10       0         100          6
PTF12iiq          -0.00   0.14      0.0284    -0.00   0.03    -1.42   0.10     8.74    +0.10      -0.10       -4.13   +0.24     -0.41      -12.9   +0.3       -0.4        10.66   +0.10      -0.10       0         100          4
SN2004ef          -0.10   0.18      0.0296    +0.05   0.03    -1.60   0.17     8.48    +0.10      -0.10       -2.90   +0.02     -0.02      -11.4   +0.1       -0.1        10.98   +0.10      -0.10       0         100          7
SN2004gc          -0.22   0.13      0.0320    +0.05   0.03    -0.46   0.11     9.14    +0.10      -0.10       -1.74   +0.01     -0.01      -10.9   +0.1       -0.1        10.20   +0.10      -0.10       29        97           8
SN2005hc          +0.12   0.13      0.0453    -0.05   0.03    +0.89   0.28     8.28    +0.11      -0.11       -2.87   +0.05     -0.05      -11.1   +0.1       -0.1        10.72   +0.10      -0.10       0         100          9
SN2005hj          -0.14   0.13      0.0563    +0.06   0.03    +1.96   0.49     8.47    +0.10      -0.11       -2.06   +0.01     -0.01      -10.5   +0.1       -0.1        9.60    +0.10      -0.10       99        0            10
SN2005ir          -0.09   0.14      0.0752    +0.04   0.04    +1.66   0.68     8.41    +0.10      -0.11       -1.75   +0.01     -0.01      -10.2   +0.1       -0.1        10.28   +0.10      -0.10       100       99           9
SN2006cj          -0.03   0.12      0.0683    -0.03   0.03    +0.48   0.18     8.05    +0.12      -0.12       -2.90   +0.04     -0.05      -11.0   +0.1       -0.1        10.66   +0.10      -0.10       14        100          11
SN2006dm          +0.11   0.16      0.0208    -0.02   0.03    -1.86   0.29     8.18    +0.11      -0.11       -4.08   +0.23     -0.37      -12.3   +0.3       -0.4        11.15   +0.10      -0.10       0         100          12
SN2006do          -0.12   0.15      0.0274    -0.04   0.03    -2.53   0.45     9.10    +0.10      -0.10       -4.39   +0.38     -0.63      -13.5   +0.4       -0.7        10.79   +0.10      -0.10       0         100          12
SN2006ob          -0.15   0.13      0.0582    -0.02   0.03    -2.57   0.24     8.83    +0.11      -0.11       -3.93   +0.27     -0.45      -12.8   +0.3       -0.5        11.38   +0.10      -0.10       0         100          9
SN2007bc          -0.11   0.15      0.0219    -0.02   0.03    -0.81   0.24     7.74    +0.12      -0.12       -5.62   +1.04     -1.24      -13.4   +1.0       -1.2        10.96   +0.10      -0.10       0         100          12
SN2007bd          +0.04   0.14      0.0314    -0.07   0.03    -0.52   0.35     8.65    +0.10      -0.10       -2.25   +0.01     -0.01      -10.9   +0.1       -0.1        10.98   +0.10      -0.10       20        100          12
SN2007cq          -0.17   0.14      0.0248    -0.08   0.03    -0.40   0.15     8.02    +0.10      -0.10       -2.79   +0.03     -0.03      -10.8   +0.1       -0.1        9.74    +0.10      -0.10       52        0            13
SN2007kk          -0.15   0.12      0.0407    -0.04   0.03    +0.54   0.15     8.35    +0.11      -0.11       -3.09   +0.05     -0.05      -11.4   +0.1       -0.1        11.32   +0.10      -0.10       0         100          12
SN2007nq          -0.18   0.13      0.0439    -0.02   0.03    -1.98   0.22     7.99    +0.14      -0.14       -3.27   +0.07     -0.09      -11.3   +0.2       -0.2        11.51   +0.10      -0.10       0         100          10
SN2009hi          -0.05   0.13      0.0399    +0.15   0.03    -2.30   0.09     8.39    +0.11      -0.11       -4.13   +0.49     -0.79      -12.5   +0.5       -0.8        11.73   +0.10      -0.10       0         100          12
SN2010dt          +0.04   0.12      0.0529    -0.07   0.03    -0.03   0.09     7.37    +0.20      -0.20       -3.37   +0.07     -0.08      -10.7   +0.2       -0.2        10.59   +0.10      -0.10       64        100          12
SN2010ex          +0.27   0.15      0.0216    -0.07   0.03    +0.38   0.12     7.84    +0.10      -0.11       -2.52   +0.01     -0.01      -10.4   +0.1       -0.1        9.72    +0.10      -0.10       100       0            14
SN2011bc          -0.03   0.15      0.0218    +0.10   0.03    +0.05   0.10     8.77    +0.10      -0.10       -2.35   +0.01     -0.01      -11.1   +0.1       -0.1        10.86   +0.10      -0.10       0         100          15
SN2011be          +0.13   0.13      0.0356    -0.09   0.03    +0.16   0.23     7.85    +0.11      -0.10       -2.55   +0.01     -0.01      -10.4   +0.1       -0.1        11.18   +0.10      -0.10       100       100          1
SN2011ga          -0.03   0.13      0.0381    -0.06   0.03    -0.28   0.17     7.23    +0.21      -0.22       -4.34   +0.46     -0.93      -11.6   +0.6       -0.9        10.61   +0.10      -0.10       5         100          1
SN2011ho          +0.27   0.14      0.0328    +0.05   0.03    -1.92   0.17     8.67    +0.10      -0.10       -4.69   +0.44     -0.65      -13.4   +0.5       -0.7        11.40   +0.10      -0.10       0         100          1
SN2011hv          -0.02   0.15      0.0285    +0.47   0.04    +1.12   0.51     8.51    +0.11      -0.10       -2.53   +0.01     -0.01      -11.0   +0.1       -0.1        10.71   +0.10      -0.10       1         100          16
SN2013be          -0.23   0.12      0.0670    +0.04   0.03    +0.43   0.17     8.08    +0.14      -0.14       -4.17   +0.41     -0.71      -12.3   +0.5       -0.8        10.90   +0.10      -0.10       0         100          17
SN2013bs          +0.03   0.14      0.0275    -0.02   0.03    -2.18   0.21     6.70    +0.31      -0.37       -5.22   +0.40     -0.57      -11.9   +0.6       -0.7        11.09   +0.10      -0.10       2         100          1
SN2013bt          +0.05   0.13      0.0367    -0.11   0.03    -2.12   0.14     6.87    +0.29      -0.34       -3.92   +0.33     -0.59      -10.8   +0.5       -0.6        10.98   +0.10      -0.10       51        100          1
